#############################################################################
##
#W  interesting.tbl   Interesting small loops    G. P. Nagy / P. Vojtechovsky
##  
#H  @(#)$Id: interesting.tbl, v 0.997 2004/10/13 gap Exp $
##  
#Y  Copyright (C)  2004,  G. P. Nagy (University of Szeged, Hungary),  
#Y                        P. Vojtechovsky (University of Denver, USA)
##

interesting_data := [ 
# implemented orders
[ 5, 6, 16, 32],
# numbers of loop of given order
[ 1, 1,  1,  1],
# the loops
[  
# loop of order 5
[
[ [ 1,2,3,4,5 ],
  [ 2,1,5,3,4 ],
  [ 3,5,4,2,1 ],
  [ 4,3,1,5,2 ],
  [ 5,4,2,1,3 ] ],
"<interesting loop of order 5>"
],
# nilpotent loop of order 6
[
[ [ 1,2,3,4,5,6 ],
  [ 2,4,6,3,1,5 ],
  [ 3,6,1,5,4,2 ],
  [ 4,1,5,2,6,3 ],
  [ 5,3,4,6,2,1 ],
  [ 6,5,2,1,3,4 ] ],
"<interesting nilpotent loop of order 6>"
],
#left Bol loop of order 16
[
[ [ 1,2,3,4,5,6,7,8,9,10,11,12,13,14,15,16 ],
  [ 2,1,5,6,3,4,8,7,10,9,13,14,11,12,16,15 ],
  [ 3,5,1,7,2,8,4,6,12,14,15,9,16,10,11,13 ],
  [ 4,6,7,1,8,2,3,5,11,13,9,15,10,16,12,14 ],
  [ 5,3,2,8,1,7,6,4,15,16,12,11,14,13,9,10 ],
  [ 6,4,8,2,7,1,5,3,16,15,14,13,12,11,10,9 ],
  [ 7,8,4,3,6,5,1,2,13,11,10,16,9,15,14,12 ],
  [ 8,7,6,5,4,3,2,1,14,12,16,10,15,9,13,11 ],
  [ 9,10,11,12,13,14,15,16,1,2,3,4,5,6,7,8 ],
  [ 10,9,13,14,11,12,16,15,2,1,5,6,3,4,8,7 ],
  [ 11,13,9,15,10,16,12,14,3,5,1,7,2,8,4,6 ],
  [ 12,14,15,9,16,10,11,13,4,6,7,1,8,2,3,5 ],
  [ 13,11,10,16,9,15,14,12,5,3,2,8,1,7,6,4 ],
  [ 14,12,16,10,15,9,13,11,6,4,8,2,7,1,5,3 ],
  [ 15,16,12,11,14,13,9,10,7,8,4,3,6,5,1,2 ],
  [ 16,15,14,13,12,11,10,9,8,7,6,5,4,3,2,1 ] ],
"<interesting left Bol loop of order 16>"
],
#sedenion loop of order 32
[
[ [ 1, 2, 3, 4, 5, 6, 7, 8, 9, 10, 11, 12, 13, 14, 15, 16, 17, 18, 19, 20, 21, 22, 23, 24, 25, 26, 27, 28, 29, 30, 31, 32 ],
  [ 2, 17, 4, 19, 6, 21, 24, 7, 10, 25, 28, 11, 30, 13, 16, 31, 18, 1, 20, 3, 22, 5, 8, 23, 26, 9, 12, 27, 14, 29, 32, 15 ],
  [ 3, 20, 17, 2, 7, 8, 21, 22, 11, 12, 25, 26, 31, 32, 13, 14, 19, 4, 1, 18, 23, 24, 5, 6, 27, 28, 9, 10, 15, 16, 29, 30 ],
  [ 4, 3, 18, 17, 8, 23, 6, 21, 12, 27, 10, 25, 32, 15, 30, 13, 20, 19, 2, 1, 24, 7, 22, 5, 28, 11, 26, 9, 16, 31, 14, 29 ],
  [ 5, 22, 23, 24, 17, 2, 3, 4, 13, 14, 15, 16, 25, 26, 27, 28, 21, 6, 7, 8, 1, 18, 19, 20, 29, 30, 31, 32, 9, 10, 11, 12 ],
  [ 6, 5, 24, 7, 18, 17, 20, 3, 14, 29, 16, 31, 10, 25, 12, 27, 22, 21, 8, 23, 2, 1, 4, 19, 30, 13, 32, 15, 26, 9, 28, 11 ],
  [ 7, 8, 5, 22, 19, 4, 17, 18, 15, 32, 29, 14, 11, 28, 25, 10, 23, 24, 21, 6, 3, 20, 1, 2, 31, 16, 13, 30, 27, 12, 9, 26 ],
  [ 8, 23, 6, 5, 20, 19, 2, 17, 16, 15, 30, 29, 12, 11, 26, 25, 24, 7, 22, 21, 4, 3, 18, 1, 32, 31, 14, 13, 28, 27, 10, 9 ],
  [ 9, 26, 27, 28, 29, 30, 31, 32, 17, 2, 3, 4, 5, 6, 7, 8, 25, 10, 11, 12, 13, 14, 15, 16, 1, 18, 19, 20, 21, 22, 23, 24 ],
  [ 10, 9, 28, 11, 30, 13, 16, 31, 18, 17, 20, 3, 22, 5, 8, 23, 26, 25, 12, 27, 14, 29, 32, 15, 2, 1, 4, 19, 6, 21, 24, 7 ],
  [ 11, 12, 9, 26, 31, 32, 13, 14, 19, 4, 17, 18, 23, 24, 5, 6, 27, 28, 25, 10, 15, 16, 29, 30, 3, 20, 1, 2, 7, 8, 21, 22 ],
  [ 12, 27, 10, 9, 32, 15, 30, 13, 20, 19, 2, 17, 24, 7, 22, 5, 28, 11, 26, 25, 16, 31, 14, 29, 4, 3, 18, 1, 8, 23, 6, 21 ],
  [ 13, 14, 15, 16, 9, 26, 27, 28, 21, 6, 7, 8, 17, 18, 19, 20, 29, 30, 31, 32, 25, 10, 11, 12, 5, 22, 23, 24, 1, 2, 3, 4 ],
  [ 14, 29, 16, 31, 10, 9, 12, 27, 22, 21, 8, 23, 2, 17, 4, 19, 30, 13, 32, 15, 26, 25, 28, 11, 6, 5, 24, 7, 18, 1, 20, 3 ],
  [ 15, 32, 29, 14, 11, 28, 9, 10, 23, 24, 21, 6, 3, 20, 17, 2, 31, 16, 13, 30, 27, 12, 25, 26, 7, 8, 5, 22, 19, 4, 1, 18 ],
  [ 16, 15, 30, 29, 12, 11, 26, 9, 24, 7, 22, 21, 4, 3, 18, 17, 32, 31, 14, 13, 28, 27, 10, 25, 8, 23, 6, 5, 20, 19, 2, 1 ],
  [ 17, 18, 19, 20, 21, 22, 23, 24, 25, 26, 27, 28, 29, 30, 31, 32, 1, 2, 3, 4, 5, 6, 7, 8, 9, 10, 11, 12, 13, 14, 15, 16 ],
  [ 18, 1, 20, 3, 22, 5, 8, 23, 26, 9, 12, 27, 14, 29, 32, 15, 2, 17, 4, 19, 6, 21, 24, 7, 10, 25, 28, 11, 30, 13, 16, 31 ],
  [ 19, 4, 1, 18, 23, 24, 5, 6, 27, 28, 9, 10, 15, 16, 29, 30, 3, 20, 17, 2, 7, 8, 21, 22, 11, 12, 25, 26, 31, 32, 13, 14 ],
  [ 20, 19, 2, 1, 24, 7, 22, 5, 28, 11, 26, 9, 16, 31, 14, 29, 4, 3, 18, 17, 8, 23, 6, 21, 12, 27, 10, 25, 32, 15, 30, 13 ],
  [ 21, 6, 7, 8, 1, 18, 19, 20, 29, 30, 31, 32, 9, 10, 11, 12, 5, 22, 23, 24, 17, 2, 3, 4, 13, 14, 15, 16, 25, 26, 27, 28 ],
  [ 22, 21, 8, 23, 2, 1, 4, 19, 30, 13, 32, 15, 26, 9, 28, 11, 6, 5, 24, 7, 18, 17, 20, 3, 14, 29, 16, 31, 10, 25, 12, 27 ],
  [ 23, 24, 21, 6, 3, 20, 1, 2, 31, 16, 13, 30, 27, 12, 9, 26, 7, 8, 5, 22, 19, 4, 17, 18, 15, 32, 29, 14, 11, 28, 25, 10 ],
  [ 24, 7, 22, 21, 4, 3, 18, 1, 32, 31, 14, 13, 28, 27, 10, 9, 8, 23, 6, 5, 20, 19, 2, 17, 16, 15, 30, 29, 12, 11, 26, 25 ],
  [ 25, 10, 11, 12, 13, 14, 15, 16, 1, 18, 19, 20, 21, 22, 23, 24, 9, 26, 27, 28, 29, 30, 31, 32, 17, 2, 3, 4, 5, 6, 7, 8 ],
  [ 26, 25, 12, 27, 14, 29, 32, 15, 2, 1, 4, 19, 6, 21, 24, 7, 10, 9, 28, 11, 30, 13, 16, 31, 18, 17, 20, 3, 22, 5, 8, 23 ],
  [ 27, 28, 25, 10, 15, 16, 29, 30, 3, 20, 1, 2, 7, 8, 21, 22, 11, 12, 9, 26, 31, 32, 13, 14, 19, 4, 17, 18, 23, 24, 5, 6 ],
  [ 28, 11, 26, 25, 16, 31, 14, 29, 4, 3, 18, 1, 8, 23, 6, 21, 12, 27, 10, 9, 32, 15, 30, 13, 20, 19, 2, 17, 24, 7, 22, 5 ],
  [ 29, 30, 31, 32, 25, 10, 11, 12, 5, 22, 23, 24, 1, 2, 3, 4, 13, 14, 15, 16, 9, 26, 27, 28, 21, 6, 7, 8, 17, 18, 19, 20 ],
  [ 30, 13, 32, 15, 26, 25, 28, 11, 6, 5, 24, 7, 18, 1, 20, 3, 14, 29, 16, 31, 10, 9, 12, 27, 22, 21, 8, 23, 2, 17, 4, 19 ],
  [ 31, 16, 13, 30, 27, 12, 25, 26, 7, 8, 5, 22, 19, 4, 1, 18, 15, 32, 29, 14, 11, 28, 9, 10, 23, 24, 21, 6, 3, 20, 17, 2 ],
  [ 32, 31, 14, 13, 28, 27, 10, 25, 8, 23, 6, 5, 20, 19, 2, 1, 16, 15, 30, 29, 12, 11, 26, 9, 24, 7, 22, 21, 4, 3, 18, 17 ] ],
"<interesting sedenion loop of order 32>"
]
# end of the loops
]
];
