############################################################################
##
#W  leftbol.tbl    Left Bol loops               G. P. Nagy / P. Vojtechovsky
##  
#H  @(#)$Id: leftbol.tbl, v 0.997 2004/10/13 gap Exp $
##  
#Y  Copyright (C)  2004,  G. P. Nagy (University of Szeged, Hungary),  
#Y                        P. Vojtechovsky (University of Denver, USA)
##

left_bol_data := [ 
#implemented orders
[ 8 ],
#number of loops of given order
[ 6 ],
# the loops
[ 
# 8/1
[ [1,2,3,4,5,6,7,8 ], [2,1,4,3,6,5,8,7 ], [3,5,1,7,2,8,4,6 ], [4,3,2,1,8,7,6,5 ],
  [5,6,7,8,1,2,3,4 ], [6,4,8,2,7,1,5,3 ], [7,8,5,6,3,4,1,2 ], [8,7,6,5,4,3,2,1 ] ],
#8/2  
[ [1,2,3,4,5,6,7,8 ], [2,1,4,3,6,5,8,7 ], [3,4,1,2,7,8,5,6 ], [4,6,2,8,1,7,3,5 ],
  [5,3,7,1,8,2,6,4 ], [6,5,8,7,2,1,4,3 ], [7,8,5,6,3,4,1,2 ], [8,7,6,5,4,3,2,1 ] ],
#8/3
[ [1,2,3,4,5,6,7,8 ], [2,1,4,3,6,5,8,7 ], [3,4,1,2,7,8,5,6 ], [4,6,2,8,1,7,3,5 ],
  [5,3,7,1,8,2,6,4 ], [6,5,8,7,2,1,4,3 ], [7,8,5,6,3,4,1,2 ], [8,7,6,5,4,3,2,1 ] ],
#8/4
[ [1,2,3,4,5,6,7,8 ], [2,3,4,1,6,7,8,5 ], [3,4,1,2,7,8,5,6 ], [4,1,2,3,8,5,6,7 ],
  [5,6,7,8,3,4,1,2 ], [6,5,8,7,4,3,2,1 ], [7,8,5,6,1,2,3,4 ], [8,7,6,5,2,1,4,3 ] ],
#8/5
[ [1,2,3,4,5,6,7,8 ], [2,3,4,1,6,7,8,5 ], [3,4,1,2,7,8,5,6 ], [4,1,2,3,8,5,6,7 ],
  [5,8,7,6,3,2,1,4 ], [6,7,8,5,4,1,2,3 ], [7,6,5,8,1,4,3,2 ], [8,5,6,7,2,3,4,1 ] ],
#8/6
[ [1,2,3,4,5,6,7,8 ], [2,1,4,3,6,5,8,7 ], [3,4,1,2,7,8,5,6 ], [4,3,2,1,8,7,6,5 ],
  [5,6,7,8,3,4,1,2 ], [6,7,8,5,4,1,2,3 ], [7,8,5,6,1,2,3,4 ], [8,5,6,7,2,3,4,1 ] ]
# end of the loops
]
];
