#############################################################################
##
#W  paige.tbl    Paige loops                     G. P. Nagy / P. Vojtechovsky
##  
##  
#Y  Copyright (C)  2004,  G. P. Nagy (University of Szeged, Hungary),  
#Y                        P. Vojtechovsky (University of Denver, USA)
##

# (MATH) Paige loops = nonassociative finite simple Moufang loops

LOOPS_paige_data := [ 
# implemented orders
[ 120 ],
# number of loops of given order
[ 1 ],  
# the loops
[
# order 120
[
# Paige loop over GF( 2 )
[ [ 1, 2, 3, 4, 5, 6, 7, 8, 9, 10, 11, 12, 13, 14, 15, 16, 17, 18, 19, 20, 
      21, 22, 23, 24, 25, 26, 27, 28, 29, 30, 31, 32, 33, 34, 35, 36, 37, 38, 
      39, 40, 41, 42, 43, 44, 45, 46, 47, 48, 49, 50, 51, 52, 53, 54, 55, 56, 
      57, 58, 59, 60, 61, 62, 63, 64, 65, 66, 67, 68, 69, 70, 71, 72, 73, 74, 
      75, 76, 77, 78, 79, 80, 81, 82, 83, 84, 85, 86, 87, 88, 89, 90, 91, 92, 
      93, 94, 95, 96, 97, 98, 99, 100, 101, 102, 103, 104, 105, 106, 107, 
      108, 109, 110, 111, 112, 113, 114, 115, 116, 117, 118, 119, 120 ], 
  [ 2, 1, 4, 3, 6, 5, 8, 7, 13, 14, 15, 16, 9, 10, 11, 12, 22, 21, 24, 23, 
      18, 17, 20, 19, 29, 30, 31, 32, 25, 26, 27, 28, 36, 35, 34, 33, 40, 39, 
      38, 37, 45, 46, 47, 48, 41, 42, 43, 44, 56, 55, 54, 53, 52, 51, 50, 49, 
      58, 57, 60, 59, 62, 61, 64, 63, 66, 65, 68, 67, 70, 69, 72, 71, 78, 77, 
      80, 79, 74, 73, 76, 75, 86, 85, 88, 87, 82, 81, 84, 83, 92, 91, 90, 89, 
      96, 95, 94, 93, 100, 99, 98, 97, 104, 103, 102, 101, 112, 111, 110, 
      109, 108, 107, 106, 105, 120, 119, 118, 117, 116, 115, 114, 113 ], 
  [ 3, 4, 1, 2, 8, 7, 6, 5, 19, 20, 17, 18, 24, 23, 22, 21, 11, 12, 9, 10, 
      16, 15, 14, 13, 26, 25, 32, 31, 30, 29, 28, 27, 35, 36, 33, 34, 38, 37, 
      40, 39, 51, 52, 49, 50, 54, 53, 56, 55, 43, 44, 41, 42, 46, 45, 48, 47, 
      89, 92, 91, 90, 93, 96, 95, 94, 97, 100, 99, 98, 101, 104, 103, 102, 
      113, 116, 115, 114, 117, 120, 119, 118, 105, 108, 107, 106, 109, 112, 
      111, 110, 57, 60, 59, 58, 61, 64, 63, 62, 65, 68, 67, 66, 69, 72, 71, 
      70, 81, 84, 83, 82, 85, 88, 87, 86, 73, 76, 75, 74, 77, 80, 79, 78 ], 
  [ 4, 3, 2, 1, 7, 8, 5, 6, 23, 24, 21, 22, 20, 19, 18, 17, 16, 15, 14, 13, 
      11, 12, 9, 10, 30, 29, 28, 27, 26, 25, 32, 31, 34, 33, 36, 35, 39, 40, 
      37, 38, 53, 54, 55, 56, 52, 51, 50, 49, 48, 47, 46, 45, 41, 42, 43, 44, 
      90, 91, 92, 89, 94, 95, 96, 93, 98, 99, 100, 97, 102, 103, 104, 101, 
      118, 119, 120, 117, 114, 115, 116, 113, 110, 111, 112, 109, 106, 107, 
      108, 105, 60, 57, 58, 59, 64, 61, 62, 63, 68, 65, 66, 67, 72, 69, 70, 
      71, 88, 85, 86, 87, 84, 81, 82, 83, 80, 77, 78, 79, 76, 73, 74, 75 ], 
  [ 5, 6, 8, 7, 1, 2, 4, 3, 10, 9, 16, 15, 14, 13, 12, 11, 21, 22, 20, 19, 
      17, 18, 24, 23, 37, 38, 33, 34, 40, 39, 36, 35, 27, 28, 32, 31, 25, 26, 
      30, 29, 52, 51, 56, 55, 53, 54, 49, 50, 47, 48, 42, 41, 45, 46, 44, 43, 
      73, 78, 75, 80, 77, 74, 79, 76, 81, 86, 83, 88, 85, 82, 87, 84, 57, 62, 
      59, 64, 61, 58, 63, 60, 65, 70, 67, 72, 69, 66, 71, 68, 113, 118, 115, 
      120, 117, 114, 119, 116, 105, 110, 107, 112, 109, 106, 111, 108, 97, 
      102, 99, 104, 101, 98, 103, 100, 89, 94, 91, 96, 93, 90, 95, 92 ], 
  [ 6, 5, 7, 8, 2, 1, 3, 4, 14, 13, 12, 11, 10, 9, 16, 15, 18, 17, 23, 24, 
      22, 21, 19, 20, 39, 40, 35, 36, 38, 37, 34, 33, 32, 31, 27, 28, 30, 29, 
      25, 26, 54, 53, 50, 49, 51, 52, 55, 56, 44, 43, 45, 46, 42, 41, 47, 48, 
      74, 77, 76, 79, 78, 73, 80, 75, 82, 85, 84, 87, 86, 81, 88, 83, 62, 57, 
      64, 59, 58, 61, 60, 63, 70, 65, 72, 67, 66, 69, 68, 71, 116, 119, 114, 
      117, 120, 115, 118, 113, 108, 111, 106, 109, 112, 107, 110, 105, 104, 
      99, 102, 97, 100, 103, 98, 101, 96, 91, 94, 89, 92, 95, 90, 93 ], 
  [ 7, 8, 6, 5, 4, 3, 1, 2, 20, 19, 22, 21, 23, 24, 17, 18, 15, 16, 10, 9, 
      12, 11, 13, 14, 38, 37, 36, 35, 39, 40, 33, 34, 31, 32, 28, 27, 26, 25, 
      29, 30, 42, 41, 48, 47, 46, 45, 44, 43, 55, 56, 52, 51, 54, 53, 49, 50, 
      105, 112, 107, 110, 109, 108, 111, 106, 113, 120, 115, 118, 117, 116, 
      119, 114, 97, 104, 99, 102, 101, 100, 103, 98, 89, 96, 91, 94, 93, 92, 
      95, 90, 81, 88, 83, 86, 85, 84, 87, 82, 73, 80, 75, 78, 77, 76, 79, 74, 
      57, 64, 59, 62, 61, 60, 63, 58, 65, 72, 67, 70, 69, 68, 71, 66 ], 
  [ 8, 7, 5, 6, 3, 4, 2, 1, 24, 23, 18, 17, 19, 20, 21, 22, 12, 11, 13, 14, 
      15, 16, 10, 9, 40, 39, 34, 33, 37, 38, 35, 36, 28, 27, 31, 32, 29, 30, 
      26, 25, 46, 45, 44, 43, 42, 41, 48, 47, 50, 49, 53, 54, 51, 52, 56, 55, 
      106, 111, 108, 109, 110, 107, 112, 105, 114, 119, 116, 117, 118, 115, 
      120, 113, 102, 99, 104, 97, 98, 103, 100, 101, 94, 91, 96, 89, 90, 95, 
      92, 93, 84, 85, 82, 87, 88, 81, 86, 83, 76, 77, 74, 79, 80, 73, 78, 75, 
      64, 57, 62, 59, 60, 61, 58, 63, 72, 65, 70, 67, 68, 69, 66, 71 ], 
  [ 9, 13, 11, 15, 10, 14, 12, 16, 1, 5, 3, 7, 2, 6, 4, 8, 19, 23, 17, 21, 
      20, 24, 18, 22, 57, 61, 59, 63, 58, 62, 60, 64, 75, 79, 76, 80, 73, 77, 
      74, 78, 66, 70, 68, 72, 65, 69, 67, 71, 83, 87, 82, 86, 81, 85, 84, 88, 
      25, 29, 27, 31, 26, 30, 28, 32, 45, 41, 47, 43, 46, 42, 48, 44, 37, 39, 
      33, 35, 38, 40, 34, 36, 53, 51, 49, 55, 54, 52, 50, 56, 93, 95, 94, 96, 
      89, 91, 90, 92, 109, 107, 110, 108, 105, 111, 106, 112, 101, 103, 98, 
      100, 97, 99, 102, 104, 117, 115, 114, 120, 113, 119, 118, 116 ], 
  [ 10, 14, 12, 16, 9, 13, 11, 15, 5, 1, 7, 3, 6, 2, 8, 4, 24, 20, 22, 18, 
      23, 19, 21, 17, 59, 63, 57, 61, 60, 64, 58, 62, 73, 77, 74, 78, 75, 79, 
      76, 80, 72, 68, 70, 66, 71, 67, 69, 65, 85, 81, 88, 84, 87, 83, 86, 82, 
      27, 31, 25, 29, 28, 32, 26, 30, 48, 44, 46, 42, 47, 43, 45, 41, 33, 35, 
      37, 39, 34, 36, 38, 40, 50, 56, 54, 52, 49, 55, 53, 51, 96, 94, 95, 93, 
      92, 90, 91, 89, 112, 106, 111, 105, 108, 110, 107, 109, 100, 98, 103, 
      101, 104, 102, 99, 97, 116, 118, 119, 113, 120, 114, 115, 117 ], 
  [ 11, 16, 9, 14, 12, 15, 10, 13, 17, 22, 19, 24, 18, 21, 20, 23, 3, 8, 1, 
      6, 4, 7, 2, 5, 89, 93, 92, 96, 90, 94, 91, 95, 108, 112, 107, 111, 105, 
      109, 106, 110, 114, 118, 115, 119, 113, 117, 116, 120, 100, 104, 98, 
      102, 97, 101, 99, 103, 26, 32, 28, 30, 25, 31, 27, 29, 46, 43, 48, 41, 
      45, 44, 47, 42, 54, 56, 49, 51, 53, 55, 50, 52, 38, 35, 33, 40, 37, 36, 
      34, 39, 61, 64, 62, 63, 57, 60, 58, 59, 77, 76, 78, 75, 73, 80, 74, 79, 
      85, 88, 82, 83, 81, 84, 86, 87, 69, 68, 66, 71, 65, 72, 70, 67 ], 
  [ 12, 15, 10, 13, 11, 16, 9, 14, 21, 18, 23, 20, 22, 17, 24, 19, 8, 3, 6, 
      1, 7, 4, 5, 2, 91, 95, 90, 94, 92, 96, 89, 93, 106, 110, 105, 109, 107, 
      111, 108, 112, 120, 116, 117, 113, 119, 115, 118, 114, 102, 98, 104, 
      100, 103, 99, 101, 97, 28, 30, 26, 32, 27, 29, 25, 31, 47, 42, 45, 44, 
      48, 41, 46, 43, 50, 52, 53, 55, 49, 51, 54, 56, 33, 40, 38, 35, 34, 39, 
      37, 36, 64, 61, 63, 62, 60, 57, 59, 58, 80, 73, 79, 74, 76, 77, 75, 78, 
      84, 81, 87, 86, 88, 85, 83, 82, 68, 69, 71, 66, 72, 65, 67, 70 ], 
  [ 13, 9, 16, 12, 14, 10, 15, 11, 2, 6, 8, 4, 1, 5, 7, 3, 23, 19, 18, 22, 
      24, 20, 17, 21, 65, 69, 71, 67, 66, 70, 72, 68, 87, 83, 88, 84, 81, 85, 
      82, 86, 58, 62, 64, 60, 57, 61, 63, 59, 79, 75, 74, 78, 73, 77, 80, 76, 
      45, 41, 48, 44, 46, 42, 47, 43, 25, 29, 28, 32, 26, 30, 27, 31, 53, 51, 
      50, 56, 54, 52, 49, 55, 37, 39, 34, 36, 38, 40, 33, 35, 117, 115, 118, 
      116, 113, 119, 114, 120, 101, 103, 102, 104, 97, 99, 98, 100, 109, 107, 
      106, 112, 105, 111, 110, 108, 93, 95, 90, 92, 89, 91, 94, 96 ], 
  [ 14, 10, 15, 11, 13, 9, 16, 12, 6, 2, 4, 8, 5, 1, 3, 7, 20, 24, 21, 17, 
      19, 23, 22, 18, 67, 71, 69, 65, 68, 72, 70, 66, 85, 81, 86, 82, 83, 87, 
      84, 88, 64, 60, 58, 62, 63, 59, 57, 61, 73, 77, 80, 76, 79, 75, 74, 78, 
      47, 43, 46, 42, 48, 44, 45, 41, 28, 32, 25, 29, 27, 31, 26, 30, 49, 55, 
      54, 52, 50, 56, 53, 51, 34, 36, 37, 39, 33, 35, 38, 40, 120, 114, 119, 
      113, 116, 118, 115, 117, 104, 102, 103, 101, 100, 98, 99, 97, 108, 110, 
      111, 105, 112, 106, 107, 109, 92, 90, 95, 93, 96, 94, 91, 89 ], 
  [ 15, 12, 14, 9, 16, 11, 13, 10, 18, 21, 24, 19, 17, 22, 23, 20, 7, 4, 2, 
      5, 8, 3, 1, 6, 97, 101, 104, 100, 98, 102, 103, 99, 120, 116, 119, 115, 
      113, 117, 114, 118, 106, 110, 111, 107, 105, 109, 112, 108, 96, 92, 90, 
      94, 89, 93, 95, 91, 46, 44, 47, 41, 45, 43, 48, 42, 26, 31, 27, 30, 25, 
      32, 28, 29, 38, 36, 34, 40, 37, 35, 33, 39, 54, 55, 50, 51, 53, 56, 49, 
      52, 85, 84, 86, 83, 81, 88, 82, 87, 69, 72, 70, 71, 65, 68, 66, 67, 61, 
      60, 58, 63, 57, 64, 62, 59, 77, 80, 74, 75, 73, 76, 78, 79 ], 
  [ 16, 11, 13, 10, 15, 12, 14, 9, 22, 17, 20, 23, 21, 18, 19, 24, 4, 7, 5, 
      2, 3, 8, 6, 1, 99, 103, 102, 98, 100, 104, 101, 97, 118, 114, 117, 113, 
      115, 119, 116, 120, 112, 108, 105, 109, 111, 107, 106, 110, 90, 94, 96, 
      92, 95, 91, 89, 93, 48, 42, 45, 43, 47, 41, 46, 44, 27, 30, 26, 31, 28, 
      29, 25, 32, 34, 40, 38, 36, 33, 39, 37, 35, 49, 52, 53, 56, 50, 51, 54, 
      55, 88, 81, 87, 82, 84, 85, 83, 86, 72, 69, 71, 70, 68, 65, 67, 66, 60, 
      61, 63, 58, 64, 57, 59, 62, 76, 73, 79, 78, 80, 77, 75, 74 ], 
  [ 17, 22, 19, 24, 21, 18, 23, 20, 11, 16, 9, 14, 15, 12, 13, 10, 1, 6, 3, 
      8, 5, 2, 7, 4, 93, 89, 94, 90, 96, 92, 95, 91, 114, 118, 115, 119, 117, 
      113, 120, 116, 108, 112, 107, 111, 109, 105, 110, 106, 98, 102, 100, 
      104, 101, 97, 103, 99, 61, 62, 64, 63, 57, 58, 60, 59, 85, 82, 88, 83, 
      81, 86, 84, 87, 77, 78, 76, 75, 73, 74, 80, 79, 69, 66, 68, 71, 65, 70, 
      72, 67, 26, 28, 32, 30, 25, 27, 31, 29, 54, 49, 56, 51, 53, 50, 55, 52, 
      46, 48, 43, 41, 45, 47, 44, 42, 38, 33, 35, 40, 37, 34, 36, 39 ], 
  [ 18, 21, 20, 23, 22, 17, 24, 19, 15, 12, 13, 10, 11, 16, 9, 14, 6, 1, 8, 
      3, 2, 5, 4, 7, 95, 91, 96, 92, 94, 90, 93, 89, 116, 120, 113, 117, 119, 
      115, 118, 114, 110, 106, 109, 105, 107, 111, 108, 112, 104, 100, 102, 
      98, 99, 103, 97, 101, 62, 61, 63, 64, 58, 57, 59, 60, 86, 81, 87, 84, 
      82, 85, 83, 88, 74, 73, 79, 80, 78, 77, 75, 76, 66, 69, 71, 68, 70, 65, 
      67, 72, 32, 30, 26, 28, 31, 29, 25, 27, 55, 52, 53, 50, 56, 51, 54, 49, 
      44, 42, 45, 47, 43, 41, 46, 48, 35, 40, 38, 33, 36, 39, 37, 34 ], 
  [ 19, 23, 17, 21, 24, 20, 22, 18, 3, 7, 1, 5, 8, 4, 6, 2, 9, 13, 11, 15, 
      14, 10, 16, 12, 61, 57, 63, 59, 64, 60, 62, 58, 83, 87, 82, 86, 85, 81, 
      88, 84, 68, 72, 66, 70, 69, 65, 71, 67, 75, 79, 76, 80, 77, 73, 78, 74, 
      93, 95, 96, 94, 89, 91, 92, 90, 117, 115, 120, 114, 113, 119, 116, 118, 
      101, 103, 100, 98, 97, 99, 104, 102, 109, 107, 108, 110, 105, 111, 112, 
      106, 25, 29, 31, 27, 26, 30, 32, 28, 53, 51, 55, 49, 54, 52, 56, 50, 
      37, 39, 35, 33, 38, 40, 36, 34, 45, 41, 43, 47, 46, 42, 44, 48 ], 
  [ 20, 24, 18, 22, 23, 19, 21, 17, 7, 3, 5, 1, 4, 8, 2, 6, 14, 10, 16, 12, 
      9, 13, 11, 15, 63, 59, 61, 57, 62, 58, 64, 60, 81, 85, 84, 88, 87, 83, 
      86, 82, 70, 66, 72, 68, 67, 71, 65, 69, 77, 73, 78, 74, 75, 79, 76, 80, 
      94, 96, 95, 93, 90, 92, 91, 89, 118, 116, 119, 113, 114, 120, 115, 117, 
      98, 100, 103, 101, 102, 104, 99, 97, 106, 112, 111, 105, 110, 108, 107, 
      109, 31, 27, 25, 29, 32, 28, 26, 30, 56, 50, 54, 52, 55, 49, 53, 51, 
      35, 33, 37, 39, 36, 34, 38, 40, 44, 48, 46, 42, 43, 47, 45, 41 ], 
  [ 21, 18, 24, 19, 17, 22, 20, 23, 12, 15, 14, 9, 16, 11, 10, 13, 5, 2, 4, 
      7, 1, 6, 8, 3, 101, 97, 98, 102, 104, 100, 99, 103, 110, 106, 111, 107, 
      109, 105, 112, 108, 116, 120, 119, 115, 117, 113, 114, 118, 94, 90, 92, 
      96, 93, 89, 91, 95, 77, 74, 80, 75, 73, 78, 76, 79, 69, 70, 72, 71, 65, 
      66, 68, 67, 61, 58, 60, 63, 57, 62, 64, 59, 85, 86, 84, 83, 81, 82, 88, 
      87, 54, 50, 55, 51, 53, 49, 56, 52, 26, 27, 31, 30, 25, 28, 32, 29, 38, 
      34, 36, 40, 37, 33, 35, 39, 46, 47, 44, 41, 45, 48, 43, 42 ], 
  [ 22, 17, 23, 20, 18, 21, 19, 24, 16, 11, 10, 13, 12, 15, 14, 9, 2, 5, 7, 
      4, 6, 1, 3, 8, 103, 99, 100, 104, 102, 98, 97, 101, 112, 108, 109, 105, 
      111, 107, 110, 106, 118, 114, 113, 117, 115, 119, 120, 116, 92, 96, 94, 
      90, 91, 95, 93, 89, 78, 73, 79, 76, 74, 77, 75, 80, 70, 69, 71, 72, 66, 
      65, 67, 68, 58, 61, 63, 60, 62, 57, 59, 64, 82, 81, 87, 88, 86, 85, 83, 
      84, 56, 52, 53, 49, 55, 51, 54, 50, 31, 30, 26, 27, 32, 29, 25, 28, 36, 
      40, 38, 34, 35, 39, 37, 33, 43, 42, 45, 48, 44, 41, 46, 47 ], 
  [ 23, 19, 22, 18, 20, 24, 17, 21, 4, 8, 6, 2, 7, 3, 1, 5, 13, 9, 12, 16, 
      10, 14, 15, 11, 69, 65, 67, 71, 72, 68, 66, 70, 79, 75, 78, 74, 77, 73, 
      80, 76, 60, 64, 62, 58, 61, 57, 59, 63, 87, 83, 84, 88, 85, 81, 82, 86, 
      109, 107, 112, 106, 105, 111, 108, 110, 101, 103, 104, 102, 97, 99, 
      100, 98, 117, 115, 116, 118, 113, 119, 120, 114, 93, 95, 92, 90, 89, 
      91, 96, 94, 53, 51, 56, 50, 54, 52, 55, 49, 25, 29, 32, 28, 26, 30, 31, 
      27, 45, 41, 44, 48, 46, 42, 43, 47, 37, 39, 36, 34, 38, 40, 35, 33 ], 
  [ 24, 20, 21, 17, 19, 23, 18, 22, 8, 4, 2, 6, 3, 7, 5, 1, 10, 14, 15, 11, 
      13, 9, 12, 16, 71, 67, 65, 69, 70, 66, 68, 72, 77, 73, 80, 76, 79, 75, 
      78, 74, 62, 58, 60, 64, 59, 63, 61, 57, 81, 85, 86, 82, 83, 87, 88, 84, 
      110, 108, 111, 105, 106, 112, 107, 109, 102, 104, 103, 101, 98, 100, 
      99, 97, 114, 120, 119, 113, 118, 116, 115, 117, 90, 92, 95, 93, 94, 96, 
      91, 89, 55, 49, 54, 52, 56, 50, 53, 51, 32, 28, 25, 29, 31, 27, 26, 30, 
      43, 47, 46, 42, 44, 48, 45, 41, 36, 34, 37, 39, 35, 33, 38, 40 ], 
  [ 25, 29, 26, 30, 27, 31, 28, 32, 57, 59, 61, 63, 58, 60, 62, 64, 93, 95, 
      89, 91, 94, 96, 90, 92, 1, 3, 5, 7, 2, 4, 6, 8, 37, 39, 38, 40, 33, 35, 
      34, 36, 65, 67, 69, 71, 66, 68, 70, 72, 101, 103, 97, 99, 98, 100, 102, 
      104, 9, 13, 10, 14, 11, 15, 12, 16, 41, 45, 42, 46, 43, 47, 44, 48, 75, 
      79, 73, 77, 76, 80, 74, 78, 107, 109, 105, 111, 108, 110, 106, 112, 19, 
      23, 20, 24, 17, 21, 18, 22, 51, 53, 52, 54, 49, 55, 50, 56, 83, 87, 81, 
      85, 82, 86, 84, 88, 115, 117, 113, 119, 114, 120, 116, 118 ], 
  [ 26, 30, 25, 29, 28, 32, 27, 31, 61, 63, 57, 59, 62, 64, 58, 60, 89, 91, 
      93, 95, 90, 92, 94, 96, 3, 1, 7, 5, 4, 2, 8, 6, 40, 38, 39, 37, 36, 34, 
      35, 33, 71, 69, 67, 65, 72, 70, 68, 66, 99, 97, 103, 101, 104, 102, 
      100, 98, 11, 15, 12, 16, 9, 13, 10, 14, 44, 48, 43, 47, 42, 46, 41, 45, 
      80, 76, 78, 74, 79, 75, 77, 73, 112, 106, 110, 108, 111, 105, 109, 107, 
      17, 21, 18, 22, 19, 23, 20, 24, 50, 56, 49, 55, 52, 54, 51, 53, 86, 82, 
      88, 84, 87, 83, 85, 81, 118, 116, 120, 114, 119, 113, 117, 115 ], 
  [ 27, 32, 28, 31, 25, 30, 26, 29, 73, 75, 78, 80, 74, 76, 77, 79, 110, 112, 
      105, 107, 109, 111, 106, 108, 33, 36, 37, 40, 34, 35, 38, 39, 5, 8, 6, 
      7, 1, 4, 2, 3, 113, 115, 118, 120, 114, 116, 117, 119, 86, 88, 81, 83, 
      82, 84, 85, 87, 10, 16, 9, 15, 12, 14, 11, 13, 42, 47, 41, 48, 44, 45, 
      43, 46, 59, 64, 57, 62, 60, 63, 58, 61, 91, 94, 89, 96, 92, 93, 90, 95, 
      52, 56, 51, 55, 49, 53, 50, 54, 20, 21, 19, 22, 17, 24, 18, 23, 99, 
      104, 97, 102, 98, 101, 100, 103, 67, 70, 65, 72, 66, 71, 68, 69 ], 
  [ 28, 31, 27, 32, 26, 29, 25, 30, 77, 79, 74, 76, 78, 80, 73, 75, 106, 108, 
      109, 111, 105, 107, 110, 112, 35, 34, 39, 38, 36, 33, 40, 37, 8, 5, 7, 
      6, 4, 1, 3, 2, 119, 117, 116, 114, 120, 118, 115, 113, 84, 82, 87, 85, 
      88, 86, 83, 81, 12, 14, 11, 13, 10, 16, 9, 15, 43, 46, 44, 45, 41, 48, 
      42, 47, 64, 59, 62, 57, 63, 60, 61, 58, 96, 89, 94, 91, 95, 90, 93, 92, 
      50, 54, 49, 53, 51, 55, 52, 56, 17, 24, 18, 23, 20, 21, 19, 22, 102, 
      97, 104, 99, 103, 100, 101, 98, 70, 67, 72, 65, 71, 66, 69, 68 ], 
  [ 29, 25, 30, 26, 32, 28, 31, 27, 65, 67, 71, 69, 66, 68, 72, 70, 103, 101, 
      97, 99, 104, 102, 98, 100, 2, 4, 8, 6, 1, 3, 7, 5, 39, 37, 40, 38, 34, 
      36, 33, 35, 57, 59, 63, 61, 58, 60, 64, 62, 95, 93, 89, 91, 90, 92, 96, 
      94, 41, 45, 42, 46, 44, 48, 43, 47, 9, 13, 10, 14, 12, 16, 11, 15, 115, 
      117, 113, 119, 116, 118, 114, 120, 83, 87, 81, 85, 84, 88, 82, 86, 51, 
      53, 52, 54, 50, 56, 49, 55, 19, 23, 20, 24, 18, 22, 17, 21, 107, 109, 
      105, 111, 106, 112, 108, 110, 75, 79, 73, 77, 74, 78, 76, 80 ], 
  [ 30, 26, 29, 25, 31, 27, 32, 28, 69, 71, 67, 65, 70, 72, 68, 66, 99, 97, 
      101, 103, 100, 98, 102, 104, 4, 2, 6, 8, 3, 1, 5, 7, 38, 40, 37, 39, 
      35, 33, 36, 34, 63, 61, 57, 59, 64, 62, 58, 60, 89, 91, 95, 93, 96, 94, 
      90, 92, 43, 47, 44, 48, 42, 46, 41, 45, 12, 16, 11, 15, 9, 13, 10, 14, 
      120, 114, 118, 116, 119, 113, 117, 115, 88, 84, 86, 82, 87, 83, 85, 81, 
      49, 55, 50, 56, 52, 54, 51, 53, 18, 22, 17, 21, 19, 23, 20, 24, 110, 
      108, 112, 106, 111, 105, 109, 107, 78, 74, 80, 76, 79, 75, 77, 73 ], 
  [ 31, 28, 32, 27, 30, 25, 29, 26, 81, 83, 88, 86, 82, 84, 87, 85, 120, 118, 
      113, 115, 119, 117, 114, 116, 34, 35, 40, 37, 33, 36, 39, 38, 7, 6, 8, 
      5, 2, 3, 1, 4, 105, 107, 112, 110, 106, 108, 111, 109, 80, 78, 73, 75, 
      74, 76, 79, 77, 42, 48, 41, 47, 43, 45, 44, 46, 10, 15, 9, 16, 11, 14, 
      12, 13, 99, 102, 97, 104, 100, 101, 98, 103, 67, 72, 65, 70, 68, 71, 
      66, 69, 20, 22, 19, 21, 18, 24, 17, 23, 52, 55, 51, 56, 50, 53, 49, 54, 
      59, 62, 57, 64, 58, 63, 60, 61, 91, 96, 89, 94, 90, 93, 92, 95 ], 
  [ 32, 27, 31, 28, 29, 26, 30, 25, 85, 87, 84, 82, 86, 88, 83, 81, 116, 114, 
      117, 119, 115, 113, 118, 120, 36, 33, 38, 39, 35, 34, 37, 40, 6, 7, 5, 
      8, 3, 2, 4, 1, 111, 109, 106, 108, 112, 110, 105, 107, 74, 76, 79, 77, 
      80, 78, 73, 75, 44, 46, 43, 45, 41, 47, 42, 48, 11, 14, 12, 13, 10, 15, 
      9, 16, 104, 97, 102, 99, 103, 98, 101, 100, 72, 67, 70, 65, 71, 68, 69, 
      66, 18, 24, 17, 23, 20, 22, 19, 21, 49, 54, 50, 53, 51, 56, 52, 55, 62, 
      59, 64, 57, 63, 58, 61, 60, 94, 89, 96, 91, 95, 92, 93, 90 ], 
  [ 33, 36, 35, 34, 37, 40, 39, 38, 75, 73, 76, 74, 80, 78, 79, 77, 114, 116, 
      115, 113, 117, 119, 120, 118, 27, 32, 25, 30, 31, 28, 29, 26, 1, 4, 3, 
      2, 5, 8, 7, 6, 107, 105, 108, 106, 110, 112, 109, 111, 82, 84, 83, 81, 
      86, 88, 87, 85, 59, 60, 57, 58, 64, 63, 62, 61, 99, 98, 97, 100, 104, 
      101, 102, 103, 10, 12, 9, 11, 16, 14, 15, 13, 52, 49, 51, 50, 56, 53, 
      55, 54, 91, 92, 89, 90, 94, 93, 96, 95, 67, 66, 65, 68, 70, 71, 72, 69, 
      42, 44, 41, 43, 47, 45, 48, 46, 20, 17, 19, 18, 21, 24, 22, 23 ], 
  [ 34, 35, 36, 33, 38, 39, 40, 37, 79, 77, 80, 78, 76, 74, 75, 73, 118, 120, 
      119, 117, 113, 115, 116, 114, 31, 28, 29, 26, 27, 32, 25, 30, 4, 1, 2, 
      3, 8, 5, 6, 7, 109, 111, 110, 112, 108, 106, 107, 105, 88, 86, 85, 87, 
      84, 82, 81, 83, 60, 59, 58, 57, 63, 64, 61, 62, 100, 97, 98, 99, 103, 
      102, 101, 104, 16, 14, 15, 13, 10, 12, 9, 11, 55, 54, 56, 53, 51, 50, 
      52, 49, 90, 89, 92, 91, 95, 96, 93, 94, 66, 67, 68, 65, 71, 70, 69, 72, 
      48, 46, 47, 45, 41, 43, 42, 44, 21, 24, 22, 23, 20, 17, 19, 18 ], 
  [ 35, 34, 33, 36, 40, 37, 38, 39, 83, 81, 82, 84, 88, 86, 85, 87, 108, 106, 
      107, 105, 111, 109, 112, 110, 28, 31, 30, 25, 32, 27, 26, 29, 3, 2, 1, 
      4, 6, 7, 8, 5, 115, 113, 114, 116, 118, 120, 119, 117, 76, 74, 75, 73, 
      78, 80, 77, 79, 91, 90, 89, 92, 96, 93, 94, 95, 67, 68, 65, 66, 72, 71, 
      70, 69, 52, 50, 51, 49, 55, 53, 56, 54, 10, 11, 9, 12, 15, 14, 16, 13, 
      59, 58, 57, 60, 62, 63, 64, 61, 99, 100, 97, 98, 102, 101, 104, 103, 
      20, 18, 19, 17, 22, 24, 21, 23, 42, 43, 41, 44, 48, 45, 47, 46 ], 
  [ 36, 33, 34, 35, 39, 38, 37, 40, 87, 85, 86, 88, 84, 82, 81, 83, 112, 110, 
      111, 109, 107, 105, 108, 106, 32, 27, 26, 29, 28, 31, 30, 25, 2, 3, 4, 
      1, 7, 6, 5, 8, 117, 119, 120, 118, 116, 114, 113, 115, 78, 80, 77, 79, 
      76, 74, 75, 73, 92, 89, 90, 91, 95, 94, 93, 96, 68, 67, 66, 65, 71, 72, 
      69, 70, 56, 54, 55, 53, 51, 49, 52, 50, 15, 14, 16, 13, 10, 11, 9, 12, 
      58, 59, 60, 57, 63, 62, 61, 64, 98, 97, 100, 99, 103, 104, 101, 102, 
      22, 24, 21, 23, 20, 18, 19, 17, 47, 46, 48, 45, 41, 44, 42, 43 ], 
  [ 37, 39, 40, 38, 33, 35, 36, 34, 59, 57, 63, 61, 64, 62, 60, 58, 101, 103, 
      99, 97, 98, 100, 104, 102, 5, 7, 1, 3, 8, 6, 4, 2, 25, 29, 30, 26, 27, 
      31, 32, 28, 67, 65, 71, 69, 70, 72, 66, 68, 93, 95, 91, 89, 94, 96, 92, 
      90, 75, 79, 73, 77, 80, 76, 78, 74, 115, 117, 113, 119, 120, 114, 118, 
      116, 9, 13, 10, 14, 15, 11, 16, 12, 51, 53, 52, 54, 55, 49, 56, 50, 83, 
      87, 81, 85, 86, 82, 88, 84, 107, 109, 105, 111, 110, 108, 112, 106, 19, 
      23, 20, 24, 21, 17, 22, 18, 41, 45, 42, 46, 47, 43, 48, 44 ], 
  [ 38, 40, 39, 37, 34, 36, 35, 33, 63, 61, 59, 57, 60, 58, 64, 62, 97, 99, 
      103, 101, 102, 104, 100, 98, 7, 5, 3, 1, 6, 8, 2, 4, 30, 26, 25, 29, 
      32, 28, 27, 31, 69, 71, 65, 67, 68, 66, 72, 70, 91, 89, 93, 95, 92, 90, 
      94, 96, 76, 80, 74, 78, 79, 75, 77, 73, 116, 118, 114, 120, 119, 113, 
      117, 115, 15, 11, 16, 12, 9, 13, 10, 14, 56, 50, 55, 49, 52, 54, 51, 
      53, 82, 86, 84, 88, 87, 83, 85, 81, 106, 112, 108, 110, 111, 105, 109, 
      107, 21, 17, 22, 18, 19, 23, 20, 24, 48, 44, 47, 43, 42, 46, 41, 45 ], 
  [ 39, 37, 38, 40, 36, 34, 33, 35, 67, 65, 69, 71, 72, 70, 66, 68, 95, 93, 
      91, 89, 92, 90, 96, 94, 6, 8, 4, 2, 7, 5, 1, 3, 29, 25, 26, 30, 28, 32, 
      31, 27, 59, 57, 61, 63, 62, 64, 60, 58, 103, 101, 99, 97, 102, 104, 98, 
      100, 107, 109, 105, 111, 112, 106, 110, 108, 83, 87, 81, 85, 88, 84, 
      86, 82, 51, 53, 52, 54, 56, 50, 55, 49, 9, 13, 10, 14, 16, 12, 15, 11, 
      115, 117, 113, 119, 118, 116, 120, 114, 75, 79, 73, 77, 78, 74, 80, 76, 
      41, 45, 42, 46, 48, 44, 47, 43, 19, 23, 20, 24, 22, 18, 21, 17 ], 
  [ 40, 38, 37, 39, 35, 33, 34, 36, 71, 69, 65, 67, 68, 66, 70, 72, 91, 89, 
      95, 93, 96, 94, 92, 90, 8, 6, 2, 4, 5, 7, 3, 1, 26, 30, 29, 25, 31, 27, 
      28, 32, 61, 63, 59, 57, 60, 58, 62, 64, 97, 99, 101, 103, 100, 98, 104, 
      102, 108, 110, 106, 112, 111, 105, 109, 107, 84, 88, 82, 86, 87, 83, 
      85, 81, 55, 49, 56, 50, 52, 54, 51, 53, 16, 12, 15, 11, 9, 13, 10, 14, 
      114, 120, 116, 118, 119, 113, 117, 115, 74, 78, 76, 80, 79, 75, 77, 73, 
      47, 43, 48, 44, 42, 46, 41, 45, 22, 18, 21, 17, 19, 23, 20, 24 ], 
  [ 41, 45, 43, 47, 44, 48, 42, 46, 66, 72, 68, 70, 65, 71, 67, 69, 115, 117, 
      114, 120, 116, 118, 113, 119, 58, 64, 60, 62, 57, 63, 59, 61, 107, 109, 
      108, 110, 106, 112, 105, 111, 1, 7, 3, 5, 2, 8, 4, 6, 51, 53, 49, 55, 
      50, 56, 52, 54, 29, 25, 31, 27, 32, 28, 30, 26, 13, 9, 15, 11, 16, 12, 
      14, 10, 103, 101, 98, 100, 104, 102, 97, 99, 87, 83, 82, 86, 88, 84, 
      81, 85, 95, 93, 96, 94, 90, 92, 89, 91, 79, 75, 80, 76, 74, 78, 73, 77, 
      39, 37, 33, 35, 34, 36, 40, 38, 23, 19, 17, 21, 18, 22, 24, 20 ], 
  [ 42, 46, 44, 48, 43, 47, 41, 45, 70, 68, 72, 66, 69, 67, 71, 65, 119, 113, 
      118, 116, 120, 114, 117, 115, 60, 62, 58, 64, 59, 61, 57, 63, 105, 111, 
      106, 112, 108, 110, 107, 109, 7, 1, 5, 3, 8, 2, 6, 4, 54, 52, 56, 50, 
      55, 49, 53, 51, 31, 27, 29, 25, 30, 26, 32, 28, 16, 12, 14, 10, 13, 9, 
      15, 11, 100, 98, 101, 103, 99, 97, 102, 104, 84, 88, 85, 81, 83, 87, 
      86, 82, 94, 96, 93, 95, 91, 89, 92, 90, 78, 74, 77, 73, 75, 79, 76, 80, 
      33, 35, 39, 37, 40, 38, 34, 36, 18, 22, 24, 20, 23, 19, 17, 21 ], 
  [ 43, 48, 41, 46, 42, 45, 44, 47, 82, 88, 83, 85, 81, 87, 84, 86, 100, 102, 
      98, 104, 99, 101, 97, 103, 90, 96, 91, 93, 89, 95, 92, 94, 76, 78, 75, 
      77, 74, 80, 73, 79, 49, 56, 51, 54, 50, 55, 52, 53, 3, 6, 1, 8, 2, 7, 
      4, 5, 30, 28, 32, 26, 31, 25, 29, 27, 14, 11, 16, 9, 15, 10, 13, 12, 
      119, 118, 114, 115, 120, 117, 113, 116, 71, 68, 66, 69, 72, 67, 65, 70, 
      63, 62, 64, 61, 58, 59, 57, 60, 111, 108, 112, 107, 106, 109, 105, 110, 
      24, 22, 17, 19, 18, 20, 23, 21, 40, 35, 33, 38, 34, 37, 39, 36 ], 
  [ 44, 47, 42, 45, 41, 46, 43, 48, 86, 84, 87, 81, 85, 83, 88, 82, 104, 98, 
      102, 100, 103, 97, 101, 99, 92, 94, 89, 95, 91, 93, 90, 96, 74, 80, 73, 
      79, 76, 78, 75, 77, 55, 50, 53, 52, 56, 49, 54, 51, 6, 3, 8, 1, 7, 2, 
      5, 4, 32, 26, 30, 28, 29, 27, 31, 25, 15, 10, 13, 12, 14, 11, 16, 9, 
      116, 113, 117, 120, 115, 114, 118, 119, 68, 71, 69, 66, 67, 72, 70, 65, 
      62, 63, 61, 64, 59, 58, 60, 57, 110, 105, 109, 106, 107, 112, 108, 111, 
      18, 20, 23, 21, 24, 22, 17, 19, 33, 38, 40, 35, 39, 36, 34, 37 ], 
  [ 45, 41, 48, 44, 47, 43, 46, 42, 58, 64, 62, 60, 57, 63, 61, 59, 109, 107, 
      106, 112, 110, 108, 105, 111, 66, 72, 70, 68, 65, 71, 69, 67, 117, 115, 
      118, 116, 114, 120, 113, 119, 2, 8, 6, 4, 1, 7, 5, 3, 53, 51, 50, 56, 
      49, 55, 54, 52, 13, 9, 16, 12, 15, 11, 14, 10, 29, 25, 32, 28, 31, 27, 
      30, 26, 79, 75, 74, 78, 80, 76, 73, 77, 95, 93, 90, 92, 96, 94, 89, 91, 
      87, 83, 88, 84, 82, 86, 81, 85, 103, 101, 104, 102, 98, 100, 97, 99, 
      23, 19, 18, 22, 17, 21, 24, 20, 39, 37, 34, 36, 33, 35, 40, 38 ], 
  [ 46, 42, 47, 43, 48, 44, 45, 41, 62, 60, 58, 64, 61, 59, 57, 63, 105, 111, 
      110, 108, 106, 112, 109, 107, 68, 70, 72, 66, 67, 69, 71, 65, 119, 113, 
      120, 114, 116, 118, 115, 117, 8, 2, 4, 6, 7, 1, 3, 5, 52, 54, 55, 49, 
      56, 50, 51, 53, 15, 11, 14, 10, 13, 9, 16, 12, 32, 28, 29, 25, 30, 26, 
      31, 27, 76, 80, 77, 73, 75, 79, 78, 74, 92, 90, 93, 95, 91, 89, 94, 96, 
      86, 82, 85, 81, 83, 87, 84, 88, 102, 104, 101, 103, 99, 97, 100, 98, 
      17, 21, 24, 20, 23, 19, 18, 22, 34, 36, 39, 37, 40, 38, 33, 35 ], 
  [ 47, 44, 46, 41, 45, 42, 48, 43, 74, 80, 77, 75, 73, 79, 78, 76, 94, 92, 
      90, 96, 93, 91, 89, 95, 98, 104, 101, 99, 97, 103, 102, 100, 86, 84, 
      85, 83, 82, 88, 81, 87, 50, 55, 54, 51, 49, 56, 53, 52, 5, 4, 2, 7, 1, 
      8, 6, 3, 14, 12, 15, 9, 16, 10, 13, 11, 30, 27, 31, 26, 32, 25, 29, 28, 
      63, 60, 58, 61, 64, 59, 57, 62, 111, 110, 106, 107, 112, 109, 105, 108, 
      119, 116, 120, 115, 114, 117, 113, 118, 71, 70, 72, 69, 66, 67, 65, 68, 
      40, 36, 34, 38, 33, 37, 39, 35, 24, 21, 18, 19, 17, 20, 23, 22 ], 
  [ 48, 43, 45, 42, 46, 41, 47, 44, 78, 76, 73, 79, 77, 75, 74, 80, 90, 96, 
      94, 92, 89, 95, 93, 91, 100, 102, 103, 97, 99, 101, 104, 98, 88, 82, 
      87, 81, 84, 86, 83, 85, 56, 49, 52, 53, 55, 50, 51, 54, 4, 5, 7, 2, 8, 
      1, 3, 6, 16, 10, 13, 11, 14, 12, 15, 9, 31, 26, 30, 27, 29, 28, 32, 25, 
      60, 63, 61, 58, 59, 64, 62, 57, 108, 105, 109, 112, 107, 106, 110, 111, 
      118, 113, 117, 114, 115, 120, 116, 119, 70, 71, 69, 72, 67, 66, 68, 65, 
      34, 38, 40, 36, 39, 35, 33, 37, 17, 20, 23, 22, 24, 21, 18, 19 ], 
  [ 49, 56, 51, 54, 53, 52, 55, 50, 76, 78, 75, 77, 79, 73, 80, 74, 98, 104, 
      100, 102, 101, 99, 103, 97, 94, 92, 93, 91, 95, 89, 96, 90, 82, 88, 83, 
      85, 86, 84, 87, 81, 43, 48, 41, 46, 47, 44, 45, 42, 1, 8, 3, 6, 5, 4, 
      7, 2, 63, 64, 62, 61, 60, 59, 57, 58, 119, 114, 118, 115, 116, 117, 
      113, 120, 14, 16, 11, 9, 12, 10, 13, 15, 40, 33, 35, 38, 36, 37, 39, 
      34, 30, 32, 28, 26, 27, 25, 29, 31, 24, 17, 22, 19, 21, 20, 23, 18, 
      111, 112, 108, 107, 110, 109, 105, 106, 71, 66, 68, 69, 70, 67, 65, 72 ]
    , [ 50, 55, 52, 53, 54, 51, 56, 49, 80, 74, 79, 73, 75, 77, 76, 78, 102, 
      100, 104, 98, 97, 103, 99, 101, 96, 90, 95, 89, 93, 91, 94, 92, 84, 86, 
      81, 87, 88, 82, 85, 83, 47, 44, 45, 42, 43, 48, 41, 46, 8, 1, 6, 3, 4, 
      5, 2, 7, 64, 63, 61, 62, 59, 60, 58, 57, 120, 113, 117, 116, 115, 118, 
      114, 119, 12, 10, 13, 15, 14, 16, 11, 9, 35, 38, 40, 33, 39, 34, 36, 
      37, 28, 26, 30, 32, 29, 31, 27, 25, 21, 20, 23, 18, 24, 17, 22, 19, 
      106, 105, 109, 110, 107, 108, 112, 111, 66, 71, 69, 68, 67, 70, 72, 65 ]
    , [ 51, 53, 49, 55, 56, 50, 54, 52, 68, 70, 66, 72, 71, 65, 69, 67, 107, 
      109, 108, 110, 112, 106, 111, 105, 62, 60, 64, 58, 63, 57, 61, 59, 115, 
      117, 114, 120, 118, 116, 119, 113, 3, 5, 1, 7, 6, 4, 8, 2, 41, 45, 43, 
      47, 48, 44, 46, 42, 95, 93, 94, 96, 92, 90, 89, 91, 87, 83, 86, 82, 84, 
      88, 81, 85, 39, 37, 35, 33, 36, 34, 40, 38, 13, 9, 11, 15, 12, 16, 14, 
      10, 29, 25, 27, 31, 28, 32, 30, 26, 23, 19, 21, 17, 22, 18, 24, 20, 
      103, 101, 100, 98, 102, 104, 97, 99, 79, 75, 76, 80, 78, 74, 73, 77 ], 
  [ 52, 54, 50, 56, 55, 49, 53, 51, 72, 66, 70, 68, 67, 69, 65, 71, 111, 105, 
      112, 106, 108, 110, 107, 109, 64, 58, 62, 60, 61, 59, 63, 57, 113, 119, 
      116, 118, 120, 114, 117, 115, 5, 3, 7, 1, 4, 6, 2, 8, 46, 42, 48, 44, 
      43, 47, 41, 45, 96, 94, 93, 95, 91, 89, 90, 92, 88, 84, 85, 81, 83, 87, 
      82, 86, 35, 33, 39, 37, 40, 38, 36, 34, 12, 16, 14, 10, 13, 9, 11, 15, 
      27, 31, 29, 25, 30, 26, 28, 32, 22, 18, 24, 20, 23, 19, 21, 17, 98, 
      100, 101, 103, 99, 97, 104, 102, 74, 78, 77, 73, 75, 79, 80, 76 ], 
  [ 53, 51, 56, 50, 49, 55, 52, 54, 60, 62, 64, 58, 63, 57, 59, 61, 117, 115, 
      116, 118, 114, 120, 119, 113, 70, 68, 66, 72, 71, 65, 67, 69, 109, 107, 
      112, 106, 110, 108, 111, 105, 4, 6, 8, 2, 5, 3, 1, 7, 45, 41, 44, 48, 
      47, 43, 42, 46, 79, 75, 78, 74, 76, 80, 73, 77, 103, 101, 102, 104, 
      100, 98, 97, 99, 13, 9, 12, 16, 11, 15, 14, 10, 39, 37, 36, 34, 35, 33, 
      40, 38, 23, 19, 22, 18, 21, 17, 24, 20, 29, 25, 28, 32, 27, 31, 30, 26, 
      87, 83, 84, 88, 86, 82, 81, 85, 95, 93, 92, 90, 94, 96, 89, 91 ], 
  [ 54, 52, 55, 49, 50, 56, 51, 53, 64, 58, 60, 62, 59, 61, 63, 57, 113, 119, 
      120, 114, 118, 116, 115, 117, 72, 66, 68, 70, 69, 67, 65, 71, 111, 105, 
      110, 108, 112, 106, 109, 107, 6, 4, 2, 8, 3, 5, 7, 1, 42, 46, 47, 43, 
      44, 48, 45, 41, 80, 76, 77, 73, 75, 79, 74, 78, 104, 102, 101, 103, 99, 
      97, 98, 100, 11, 15, 14, 10, 13, 9, 12, 16, 36, 34, 39, 37, 40, 38, 35, 
      33, 21, 17, 24, 20, 23, 19, 22, 18, 28, 32, 29, 25, 30, 26, 27, 31, 82, 
      86, 85, 81, 83, 87, 88, 84, 90, 92, 93, 95, 91, 89, 96, 94 ], 
  [ 55, 50, 54, 51, 52, 53, 49, 56, 84, 86, 85, 83, 87, 81, 82, 88, 96, 90, 
      92, 94, 91, 93, 95, 89, 102, 100, 99, 101, 103, 97, 98, 104, 80, 74, 
      77, 75, 78, 76, 79, 73, 44, 47, 46, 41, 48, 43, 42, 45, 7, 2, 4, 5, 6, 
      3, 1, 8, 111, 106, 110, 107, 108, 109, 105, 112, 71, 72, 70, 69, 68, 
      67, 65, 66, 40, 34, 36, 38, 35, 37, 39, 33, 14, 15, 12, 9, 11, 10, 13, 
      16, 24, 18, 21, 19, 22, 20, 23, 17, 30, 31, 27, 26, 28, 25, 29, 32, 63, 
      58, 60, 61, 62, 59, 57, 64, 119, 120, 116, 115, 118, 117, 113, 114 ], 
  [ 56, 49, 53, 52, 51, 54, 50, 55, 88, 82, 81, 87, 83, 85, 86, 84, 92, 94, 
      96, 90, 95, 89, 91, 93, 104, 98, 97, 103, 101, 99, 100, 102, 78, 76, 
      79, 73, 80, 74, 77, 75, 48, 43, 42, 45, 44, 47, 46, 41, 2, 7, 5, 4, 3, 
      6, 8, 1, 112, 105, 109, 108, 107, 110, 106, 111, 72, 71, 69, 70, 67, 
      68, 66, 65, 36, 38, 40, 34, 39, 33, 35, 37, 11, 10, 13, 16, 14, 15, 12, 
      9, 22, 20, 23, 17, 24, 18, 21, 19, 27, 26, 30, 31, 29, 32, 28, 25, 58, 
      63, 61, 60, 59, 62, 64, 57, 114, 113, 117, 118, 115, 116, 120, 119 ], 
  [ 57, 65, 89, 97, 73, 81, 105, 113, 25, 37, 93, 101, 45, 53, 109, 117, 61, 
      69, 26, 38, 77, 85, 46, 54, 9, 19, 75, 83, 41, 51, 107, 115, 59, 67, 
      91, 99, 10, 20, 42, 52, 29, 39, 95, 103, 13, 23, 79, 87, 63, 71, 30, 
      40, 14, 24, 111, 119, 1, 66, 33, 98, 17, 82, 49, 114, 2, 58, 34, 90, 
      18, 74, 50, 106, 5, 70, 27, 94, 21, 86, 47, 110, 6, 62, 28, 102, 22, 
      78, 48, 118, 3, 68, 35, 100, 11, 76, 43, 108, 4, 60, 36, 92, 12, 84, 
      44, 116, 7, 72, 31, 96, 15, 80, 55, 120, 8, 64, 32, 104, 16, 88, 56, 
      112 ], 
  [ 58, 66, 90, 98, 74, 82, 106, 114, 45, 54, 110, 118, 25, 38, 94, 102, 78, 
      86, 46, 53, 62, 70, 26, 37, 41, 52, 108, 116, 9, 20, 76, 84, 92, 100, 
      60, 68, 42, 51, 10, 19, 13, 24, 80, 88, 29, 40, 96, 104, 112, 120, 14, 
      23, 30, 39, 64, 72, 2, 65, 34, 97, 18, 81, 50, 113, 1, 57, 33, 89, 17, 
      73, 49, 105, 22, 85, 47, 109, 6, 69, 27, 93, 21, 77, 48, 117, 5, 61, 
      28, 101, 36, 99, 4, 67, 43, 107, 11, 75, 35, 91, 3, 59, 44, 115, 12, 
      83, 56, 119, 15, 79, 31, 95, 8, 71, 55, 111, 16, 87, 32, 103, 7, 63 ], 
  [ 59, 67, 91, 99, 75, 83, 107, 115, 37, 25, 103, 95, 54, 46, 119, 111, 71, 
      63, 38, 26, 87, 79, 53, 45, 10, 20, 73, 81, 42, 52, 105, 113, 57, 65, 
      89, 97, 9, 19, 41, 51, 39, 29, 101, 93, 24, 14, 85, 77, 69, 61, 40, 30, 
      23, 13, 117, 109, 33, 100, 1, 68, 50, 116, 18, 84, 34, 92, 2, 60, 49, 
      108, 17, 76, 27, 96, 5, 72, 48, 112, 22, 88, 28, 104, 6, 64, 47, 120, 
      21, 80, 35, 98, 3, 66, 44, 106, 12, 74, 36, 90, 4, 58, 43, 114, 11, 82, 
      31, 94, 7, 70, 56, 118, 16, 78, 32, 102, 8, 62, 55, 110, 15, 86 ], 
  [ 60, 68, 92, 100, 76, 84, 108, 116, 53, 46, 120, 112, 38, 25, 104, 96, 88, 
      80, 54, 45, 72, 64, 37, 26, 42, 51, 106, 114, 10, 19, 74, 82, 90, 98, 
      58, 66, 41, 52, 9, 20, 23, 14, 86, 78, 40, 29, 102, 94, 118, 110, 24, 
      13, 39, 30, 70, 62, 34, 99, 2, 67, 49, 115, 17, 83, 33, 91, 1, 59, 50, 
      107, 18, 75, 48, 111, 21, 87, 27, 95, 6, 71, 47, 119, 22, 79, 28, 103, 
      5, 63, 4, 65, 36, 97, 12, 73, 44, 105, 3, 57, 35, 89, 11, 81, 43, 113, 
      16, 77, 55, 117, 8, 69, 31, 93, 15, 85, 56, 109, 7, 61, 32, 101 ], 
  [ 61, 69, 93, 101, 77, 85, 109, 117, 26, 38, 89, 97, 46, 54, 105, 113, 57, 
      65, 25, 37, 73, 81, 45, 53, 19, 9, 87, 79, 52, 42, 119, 111, 71, 63, 
      103, 95, 20, 10, 51, 41, 40, 30, 99, 91, 23, 13, 83, 75, 67, 59, 39, 
      29, 24, 14, 115, 107, 17, 86, 50, 118, 1, 70, 34, 102, 18, 78, 49, 110, 
      2, 62, 33, 94, 21, 82, 48, 106, 5, 66, 28, 90, 22, 74, 47, 114, 6, 58, 
      27, 98, 11, 80, 44, 112, 3, 72, 36, 104, 12, 88, 43, 120, 4, 64, 35, 
      96, 15, 76, 56, 116, 7, 68, 32, 92, 16, 84, 55, 108, 8, 60, 31, 100 ], 
  [ 62, 70, 94, 102, 78, 86, 110, 118, 46, 53, 106, 114, 26, 37, 90, 98, 74, 
      82, 45, 54, 58, 66, 25, 38, 51, 42, 120, 112, 20, 9, 88, 80, 104, 96, 
      72, 64, 52, 41, 19, 10, 24, 13, 84, 76, 39, 30, 100, 92, 116, 108, 23, 
      14, 40, 29, 68, 60, 18, 85, 49, 117, 2, 69, 33, 101, 17, 77, 50, 109, 
      1, 61, 34, 93, 6, 65, 28, 89, 22, 81, 48, 105, 5, 57, 27, 97, 21, 73, 
      47, 113, 44, 111, 11, 79, 35, 103, 4, 71, 43, 119, 12, 87, 36, 95, 3, 
      63, 32, 91, 8, 67, 55, 115, 15, 75, 31, 99, 7, 59, 56, 107, 16, 83 ], 
  [ 63, 71, 95, 103, 79, 87, 111, 119, 38, 26, 99, 91, 53, 45, 115, 107, 67, 
      59, 37, 25, 83, 75, 54, 46, 20, 10, 85, 77, 51, 41, 117, 109, 69, 61, 
      101, 93, 19, 9, 52, 42, 30, 40, 89, 97, 14, 24, 73, 81, 57, 65, 29, 39, 
      13, 23, 105, 113, 49, 120, 18, 88, 34, 104, 1, 72, 50, 112, 17, 80, 33, 
      96, 2, 64, 47, 108, 22, 84, 28, 92, 5, 68, 48, 116, 21, 76, 27, 100, 6, 
      60, 43, 110, 12, 78, 36, 102, 3, 70, 44, 118, 11, 86, 35, 94, 4, 62, 
      55, 114, 16, 74, 32, 90, 7, 66, 56, 106, 15, 82, 31, 98, 8, 58 ], 
  [ 64, 72, 96, 104, 80, 88, 112, 120, 54, 45, 116, 108, 37, 26, 100, 92, 84, 
      76, 53, 46, 68, 60, 38, 25, 52, 41, 118, 110, 19, 10, 86, 78, 102, 94, 
      70, 62, 51, 42, 20, 9, 14, 23, 74, 82, 30, 39, 90, 98, 106, 114, 13, 
      24, 29, 40, 58, 66, 50, 119, 17, 87, 33, 103, 2, 71, 49, 111, 18, 79, 
      34, 95, 1, 63, 28, 91, 6, 67, 47, 107, 21, 83, 27, 99, 5, 59, 48, 115, 
      22, 75, 12, 77, 43, 109, 4, 69, 35, 101, 11, 85, 44, 117, 3, 61, 36, 
      93, 8, 65, 32, 89, 16, 73, 56, 113, 7, 57, 31, 97, 15, 81, 55, 105 ], 
  [ 65, 57, 99, 91, 85, 77, 119, 111, 29, 39, 95, 103, 41, 51, 107, 115, 69, 
      61, 40, 30, 81, 73, 52, 42, 13, 23, 79, 87, 45, 53, 109, 117, 67, 59, 
      97, 89, 24, 14, 54, 46, 25, 37, 93, 101, 9, 19, 75, 83, 71, 63, 38, 26, 
      20, 10, 113, 105, 66, 1, 100, 35, 86, 21, 120, 55, 58, 2, 92, 36, 78, 
      22, 112, 56, 70, 5, 96, 31, 82, 17, 108, 43, 62, 6, 104, 32, 74, 18, 
      116, 44, 68, 3, 98, 33, 80, 15, 110, 47, 60, 4, 90, 34, 88, 16, 118, 
      48, 72, 7, 94, 27, 76, 11, 114, 49, 64, 8, 102, 28, 84, 12, 106, 50 ], 
  [ 66, 58, 100, 92, 86, 78, 120, 112, 41, 52, 108, 116, 29, 40, 96, 104, 82, 
      74, 51, 42, 70, 62, 39, 30, 45, 54, 110, 118, 13, 24, 80, 88, 98, 90, 
      68, 60, 53, 46, 23, 14, 9, 20, 76, 84, 25, 38, 94, 102, 114, 106, 19, 
      10, 37, 26, 72, 64, 65, 2, 99, 36, 85, 22, 119, 56, 57, 1, 91, 35, 77, 
      21, 111, 55, 81, 18, 107, 43, 69, 6, 95, 31, 73, 17, 115, 44, 61, 5, 
      103, 32, 97, 34, 67, 4, 109, 47, 79, 15, 89, 33, 59, 3, 117, 48, 87, 
      16, 113, 50, 75, 11, 93, 27, 71, 8, 105, 49, 83, 12, 101, 28, 63, 7 ], 
  [ 67, 59, 97, 89, 87, 79, 117, 109, 39, 29, 101, 93, 52, 42, 113, 105, 63, 
      71, 30, 40, 75, 83, 41, 51, 14, 24, 77, 85, 46, 54, 111, 119, 65, 57, 
      99, 91, 23, 13, 53, 45, 37, 25, 103, 95, 20, 10, 81, 73, 61, 69, 26, 
      38, 9, 19, 107, 115, 98, 35, 68, 1, 118, 56, 88, 22, 90, 36, 60, 2, 
      110, 55, 80, 21, 94, 31, 72, 5, 106, 44, 84, 18, 102, 32, 64, 6, 114, 
      43, 76, 17, 100, 33, 66, 3, 112, 48, 78, 16, 92, 34, 58, 4, 120, 47, 
      86, 15, 96, 27, 70, 7, 116, 50, 74, 12, 104, 28, 62, 8, 108, 49, 82, 11 
     ], [ 68, 60, 98, 90, 88, 80, 118, 110, 51, 42, 114, 106, 40, 29, 102, 
      94, 76, 84, 41, 52, 64, 72, 30, 39, 46, 53, 112, 120, 14, 23, 78, 86, 
      100, 92, 66, 58, 54, 45, 24, 13, 19, 10, 82, 74, 38, 25, 104, 96, 108, 
      116, 9, 20, 26, 37, 62, 70, 97, 36, 67, 2, 117, 55, 87, 21, 89, 35, 59, 
      1, 109, 56, 79, 22, 105, 44, 83, 17, 93, 31, 71, 6, 113, 43, 75, 18, 
      101, 32, 63, 5, 65, 4, 99, 34, 77, 16, 111, 48, 57, 3, 91, 33, 85, 15, 
      119, 47, 73, 12, 115, 49, 69, 8, 95, 27, 81, 11, 107, 50, 61, 7, 103, 
      28 ], [ 69, 61, 103, 95, 81, 73, 115, 107, 30, 40, 91, 99, 42, 52, 111, 
      119, 65, 57, 39, 29, 85, 77, 51, 41, 23, 13, 83, 75, 54, 46, 113, 105, 
      63, 71, 93, 101, 14, 24, 45, 53, 38, 26, 97, 89, 19, 9, 87, 79, 59, 67, 
      25, 37, 10, 20, 109, 117, 82, 21, 116, 56, 70, 1, 104, 36, 74, 22, 108, 
      55, 62, 2, 96, 35, 86, 17, 112, 44, 66, 5, 92, 32, 78, 18, 120, 43, 58, 
      6, 100, 31, 76, 15, 106, 48, 72, 3, 102, 34, 84, 16, 114, 47, 64, 4, 
      94, 33, 80, 11, 118, 50, 68, 7, 90, 28, 88, 12, 110, 49, 60, 8, 98, 27 ]
    , [ 70, 62, 104, 96, 82, 74, 116, 108, 42, 51, 112, 120, 30, 39, 92, 100, 
      86, 78, 52, 41, 66, 58, 40, 29, 53, 46, 114, 106, 24, 13, 84, 76, 94, 
      102, 64, 72, 45, 54, 14, 23, 20, 9, 88, 80, 37, 26, 98, 90, 110, 118, 
      10, 19, 25, 38, 60, 68, 81, 22, 115, 55, 69, 2, 103, 35, 73, 21, 107, 
      56, 61, 1, 95, 36, 65, 6, 91, 32, 85, 18, 111, 44, 57, 5, 99, 31, 77, 
      17, 119, 43, 105, 48, 75, 15, 101, 33, 71, 4, 113, 47, 83, 16, 93, 34, 
      63, 3, 89, 28, 67, 8, 117, 49, 79, 11, 97, 27, 59, 7, 109, 50, 87, 12 ],
  [ 71, 63, 101, 93, 83, 75, 113, 105, 40, 30, 97, 89, 51, 41, 117, 109, 59, 
      67, 29, 39, 79, 87, 42, 52, 24, 14, 81, 73, 53, 45, 115, 107, 61, 69, 
      95, 103, 13, 23, 46, 54, 26, 38, 91, 99, 10, 20, 77, 85, 65, 57, 37, 
      25, 19, 9, 119, 111, 114, 55, 84, 22, 102, 36, 72, 1, 106, 56, 76, 21, 
      94, 35, 64, 2, 110, 43, 88, 18, 90, 32, 68, 5, 118, 44, 80, 17, 98, 31, 
      60, 6, 108, 47, 74, 16, 104, 34, 70, 3, 116, 48, 82, 15, 96, 33, 62, 4, 
      120, 49, 78, 12, 92, 28, 66, 7, 112, 50, 86, 11, 100, 27, 58, 8 ], 
  [ 72, 64, 102, 94, 84, 76, 114, 106, 52, 41, 118, 110, 39, 30, 98, 90, 80, 
      88, 42, 51, 60, 68, 29, 40, 54, 45, 116, 108, 23, 14, 82, 74, 96, 104, 
      62, 70, 46, 53, 13, 24, 10, 19, 78, 86, 26, 37, 92, 100, 120, 112, 20, 
      9, 38, 25, 66, 58, 113, 56, 83, 21, 101, 35, 71, 2, 105, 55, 75, 22, 
      93, 36, 63, 1, 89, 32, 67, 6, 109, 43, 87, 17, 97, 31, 59, 5, 117, 44, 
      79, 18, 73, 16, 107, 47, 69, 4, 103, 33, 81, 15, 115, 48, 61, 3, 95, 
      34, 65, 8, 91, 28, 77, 12, 119, 50, 57, 7, 99, 27, 85, 11, 111, 49 ], 
  [ 73, 85, 106, 118, 57, 69, 90, 102, 27, 33, 94, 98, 47, 49, 110, 114, 77, 
      81, 48, 50, 61, 65, 28, 34, 75, 87, 9, 23, 108, 120, 43, 55, 10, 24, 
      44, 56, 59, 71, 92, 104, 96, 100, 31, 35, 79, 83, 13, 19, 14, 20, 112, 
      116, 63, 67, 32, 36, 5, 70, 37, 101, 21, 86, 53, 117, 22, 74, 54, 105, 
      6, 58, 38, 89, 1, 66, 25, 93, 17, 82, 45, 109, 18, 78, 46, 113, 2, 62, 
      26, 97, 72, 7, 103, 39, 76, 11, 107, 41, 88, 12, 119, 42, 60, 8, 91, 
      40, 68, 3, 95, 29, 80, 15, 115, 51, 84, 16, 111, 52, 64, 4, 99, 30 ], 
  [ 74, 86, 105, 117, 58, 70, 89, 101, 47, 50, 109, 113, 27, 34, 93, 97, 62, 
      66, 28, 33, 78, 82, 48, 49, 107, 119, 43, 56, 76, 88, 9, 24, 44, 55, 
      10, 23, 91, 103, 60, 72, 80, 84, 13, 20, 95, 99, 31, 36, 32, 35, 64, 
      68, 111, 115, 14, 19, 6, 69, 38, 102, 22, 85, 54, 118, 21, 73, 53, 106, 
      5, 57, 37, 90, 18, 81, 45, 110, 2, 65, 25, 94, 1, 61, 26, 98, 17, 77, 
      46, 114, 104, 40, 71, 8, 108, 41, 75, 11, 120, 42, 87, 12, 92, 39, 59, 
      7, 116, 52, 79, 15, 96, 29, 67, 4, 100, 30, 63, 3, 112, 51, 83, 16 ], 
  [ 75, 87, 108, 120, 59, 71, 92, 104, 33, 27, 100, 96, 50, 48, 116, 112, 83, 
      79, 49, 47, 67, 63, 34, 28, 73, 85, 10, 24, 106, 118, 44, 56, 9, 23, 
      43, 55, 57, 69, 90, 102, 98, 94, 35, 31, 81, 77, 20, 14, 19, 13, 114, 
      110, 65, 61, 36, 32, 37, 103, 5, 72, 54, 119, 22, 88, 53, 107, 21, 76, 
      38, 91, 6, 60, 25, 95, 1, 68, 46, 111, 18, 84, 45, 115, 17, 80, 26, 99, 
      2, 64, 101, 39, 70, 7, 105, 42, 74, 12, 117, 41, 86, 11, 89, 40, 58, 8, 
      93, 29, 66, 3, 113, 52, 78, 16, 109, 51, 82, 15, 97, 30, 62, 4 ], 
  [ 76, 88, 107, 119, 60, 72, 91, 103, 49, 48, 115, 111, 34, 27, 99, 95, 68, 
      64, 33, 28, 84, 80, 50, 47, 105, 117, 44, 55, 74, 86, 10, 23, 43, 56, 
      9, 24, 89, 101, 58, 70, 82, 78, 19, 14, 97, 93, 36, 31, 35, 32, 66, 62, 
      113, 109, 20, 13, 38, 104, 6, 71, 53, 120, 21, 87, 54, 108, 22, 75, 37, 
      92, 5, 59, 46, 112, 17, 83, 25, 96, 2, 67, 26, 100, 1, 63, 45, 116, 18, 
      79, 69, 8, 102, 40, 73, 12, 106, 42, 85, 11, 118, 41, 57, 7, 90, 39, 
      77, 16, 114, 51, 65, 4, 94, 29, 61, 3, 98, 30, 81, 15, 110, 52 ], 
  [ 77, 81, 110, 114, 61, 65, 94, 98, 28, 34, 90, 102, 48, 50, 106, 118, 73, 
      85, 47, 49, 57, 69, 27, 33, 83, 79, 23, 9, 116, 112, 56, 44, 24, 10, 
      55, 43, 67, 63, 100, 96, 104, 92, 36, 32, 87, 75, 19, 13, 20, 14, 120, 
      108, 71, 59, 35, 31, 21, 82, 54, 113, 5, 66, 38, 97, 6, 62, 37, 93, 22, 
      78, 53, 109, 17, 86, 46, 105, 1, 70, 26, 89, 2, 58, 25, 101, 18, 74, 
      45, 117, 80, 11, 111, 42, 68, 7, 99, 40, 64, 8, 95, 39, 84, 12, 115, 
      41, 76, 15, 119, 52, 72, 3, 91, 30, 60, 4, 103, 29, 88, 16, 107, 51 ], 
  [ 78, 82, 109, 113, 62, 66, 93, 97, 48, 49, 105, 117, 28, 33, 89, 101, 58, 
      70, 27, 34, 74, 86, 47, 50, 115, 111, 55, 44, 84, 80, 24, 9, 56, 43, 
      23, 10, 99, 95, 68, 64, 88, 76, 20, 13, 103, 91, 35, 32, 36, 31, 72, 
      60, 119, 107, 19, 14, 22, 81, 53, 114, 6, 65, 37, 98, 5, 61, 38, 94, 
      21, 77, 54, 110, 2, 69, 26, 90, 18, 85, 46, 106, 17, 73, 45, 118, 1, 
      57, 25, 102, 112, 42, 79, 11, 100, 39, 67, 8, 96, 40, 63, 7, 116, 41, 
      83, 12, 92, 30, 71, 4, 120, 51, 75, 15, 108, 52, 87, 16, 104, 29, 59, 3 
     ], [ 79, 83, 112, 116, 63, 67, 96, 100, 34, 28, 104, 92, 49, 47, 120, 
      108, 87, 75, 50, 48, 71, 59, 33, 27, 81, 77, 24, 10, 114, 110, 55, 43, 
      23, 9, 56, 44, 65, 61, 98, 94, 90, 102, 32, 36, 73, 85, 14, 20, 13, 19, 
      106, 118, 57, 69, 31, 35, 53, 115, 22, 84, 38, 99, 5, 68, 37, 95, 6, 
      64, 54, 111, 21, 80, 45, 107, 18, 88, 26, 91, 1, 72, 25, 103, 2, 60, 
      46, 119, 17, 76, 109, 41, 78, 12, 97, 40, 66, 7, 93, 39, 62, 8, 113, 
      42, 82, 11, 117, 51, 74, 16, 89, 30, 70, 3, 101, 29, 58, 4, 105, 52, 
      86, 15 ], 
  [ 80, 84, 111, 115, 64, 68, 95, 99, 50, 47, 119, 107, 33, 28, 103, 91, 72, 
      60, 34, 27, 88, 76, 49, 48, 113, 109, 56, 43, 82, 78, 23, 10, 55, 44, 
      24, 9, 97, 93, 66, 62, 74, 86, 14, 19, 89, 101, 32, 35, 31, 36, 58, 70, 
      105, 117, 13, 20, 54, 116, 21, 83, 37, 100, 6, 67, 38, 96, 5, 63, 53, 
      112, 22, 79, 26, 92, 2, 71, 45, 108, 17, 87, 46, 120, 18, 75, 25, 104, 
      1, 59, 77, 12, 110, 41, 65, 8, 98, 39, 61, 7, 94, 40, 81, 11, 114, 42, 
      69, 4, 90, 30, 73, 16, 118, 52, 85, 15, 106, 51, 57, 3, 102, 29 ], 
  [ 81, 77, 116, 112, 69, 57, 104, 92, 31, 35, 96, 100, 43, 55, 108, 120, 85, 
      73, 56, 44, 65, 61, 36, 32, 79, 83, 13, 19, 110, 114, 47, 49, 20, 14, 
      50, 48, 71, 59, 102, 90, 94, 98, 27, 33, 75, 87, 9, 23, 24, 10, 118, 
      106, 67, 63, 34, 28, 70, 5, 103, 39, 82, 17, 115, 51, 78, 18, 111, 52, 
      58, 6, 91, 40, 66, 1, 95, 29, 86, 21, 107, 41, 74, 22, 119, 42, 62, 2, 
      99, 30, 7, 72, 37, 101, 15, 80, 45, 109, 16, 84, 46, 113, 8, 60, 38, 
      89, 3, 68, 25, 93, 11, 76, 53, 117, 12, 88, 54, 105, 4, 64, 26, 97 ], 
  [ 82, 78, 115, 111, 70, 58, 103, 91, 43, 56, 107, 119, 31, 36, 95, 99, 66, 
      62, 35, 32, 86, 74, 55, 44, 109, 113, 47, 50, 80, 84, 13, 20, 49, 48, 
      19, 14, 101, 89, 72, 60, 76, 88, 9, 24, 93, 97, 27, 34, 33, 28, 68, 64, 
      117, 105, 23, 10, 69, 6, 104, 40, 81, 18, 116, 52, 77, 17, 112, 51, 57, 
      5, 92, 39, 85, 22, 108, 41, 65, 2, 96, 29, 61, 1, 100, 30, 73, 21, 120, 
      42, 38, 102, 8, 71, 45, 110, 15, 79, 46, 114, 16, 83, 37, 90, 7, 59, 
      54, 118, 11, 75, 25, 94, 4, 67, 26, 98, 3, 63, 53, 106, 12, 87 ], 
  [ 83, 79, 114, 110, 71, 59, 102, 90, 35, 31, 98, 94, 56, 44, 118, 106, 75, 
      87, 43, 55, 63, 67, 32, 36, 77, 81, 14, 20, 112, 116, 48, 50, 19, 13, 
      49, 47, 69, 57, 104, 92, 100, 96, 33, 27, 85, 73, 24, 10, 9, 23, 108, 
      120, 61, 65, 28, 34, 101, 39, 72, 5, 113, 52, 84, 18, 109, 51, 80, 17, 
      89, 40, 60, 6, 93, 29, 68, 1, 105, 42, 88, 22, 117, 41, 76, 21, 97, 30, 
      64, 2, 37, 103, 7, 70, 46, 111, 16, 78, 45, 115, 15, 82, 38, 91, 8, 58, 
      25, 95, 3, 66, 54, 119, 12, 74, 53, 107, 11, 86, 26, 99, 4, 62 ], 
  [ 84, 80, 113, 109, 72, 60, 101, 89, 55, 44, 117, 105, 36, 31, 97, 93, 64, 
      68, 32, 35, 76, 88, 43, 56, 111, 115, 48, 49, 78, 82, 14, 19, 50, 47, 
      20, 13, 103, 91, 70, 58, 86, 74, 23, 10, 99, 95, 34, 27, 28, 33, 62, 
      66, 107, 119, 9, 24, 102, 40, 71, 6, 114, 51, 83, 17, 110, 52, 79, 18, 
      90, 39, 59, 5, 106, 42, 87, 21, 94, 29, 67, 2, 98, 30, 63, 1, 118, 41, 
      75, 22, 8, 69, 38, 104, 16, 77, 46, 112, 15, 81, 45, 116, 7, 57, 37, 
      92, 12, 73, 53, 120, 4, 65, 25, 96, 3, 61, 26, 100, 11, 85, 54, 108 ], 
  [ 85, 73, 120, 108, 65, 61, 100, 96, 32, 36, 92, 104, 44, 56, 112, 116, 81, 
      77, 55, 43, 69, 57, 35, 31, 87, 75, 19, 13, 118, 106, 50, 48, 14, 20, 
      47, 49, 63, 67, 94, 98, 102, 90, 34, 28, 83, 79, 23, 9, 10, 24, 110, 
      114, 59, 71, 27, 33, 86, 17, 119, 52, 66, 5, 99, 40, 62, 6, 95, 39, 74, 
      18, 107, 51, 82, 21, 111, 42, 70, 1, 91, 30, 58, 2, 103, 29, 78, 22, 
      115, 41, 15, 76, 46, 105, 7, 68, 38, 97, 8, 64, 37, 93, 16, 88, 45, 
      117, 11, 80, 54, 113, 3, 72, 26, 89, 4, 60, 25, 101, 12, 84, 53, 109 ], 
  [ 86, 74, 119, 107, 66, 62, 99, 95, 44, 55, 111, 115, 32, 35, 91, 103, 70, 
      58, 36, 31, 82, 78, 56, 43, 117, 105, 49, 48, 88, 76, 20, 13, 47, 50, 
      14, 19, 93, 97, 64, 68, 84, 80, 24, 9, 101, 89, 33, 28, 27, 34, 60, 72, 
      109, 113, 10, 23, 85, 18, 120, 51, 65, 6, 100, 39, 61, 5, 96, 40, 73, 
      17, 108, 52, 69, 2, 92, 30, 81, 22, 112, 42, 77, 21, 116, 41, 57, 1, 
      104, 29, 46, 106, 15, 75, 37, 98, 8, 67, 38, 94, 7, 63, 45, 118, 16, 
      87, 26, 90, 4, 71, 53, 114, 11, 79, 54, 110, 12, 83, 25, 102, 3, 59 ], 
  [ 87, 75, 118, 106, 67, 63, 98, 94, 36, 32, 102, 90, 55, 43, 114, 110, 79, 
      83, 44, 56, 59, 71, 31, 35, 85, 73, 20, 14, 120, 108, 49, 47, 13, 19, 
      48, 50, 61, 65, 96, 100, 92, 104, 28, 34, 77, 81, 10, 24, 23, 9, 116, 
      112, 69, 57, 33, 27, 117, 51, 88, 18, 97, 40, 68, 5, 93, 39, 64, 6, 
      105, 52, 76, 17, 109, 41, 84, 22, 89, 30, 72, 1, 101, 29, 60, 2, 113, 
      42, 80, 21, 45, 107, 16, 74, 38, 99, 7, 66, 37, 95, 8, 62, 46, 119, 15, 
      86, 53, 115, 12, 78, 26, 91, 3, 70, 25, 103, 4, 58, 54, 111, 11, 82 ], 
  [ 88, 76, 117, 105, 68, 64, 97, 93, 56, 43, 113, 109, 35, 32, 101, 89, 60, 
      72, 31, 36, 80, 84, 44, 55, 119, 107, 50, 47, 86, 74, 19, 14, 48, 49, 
      13, 20, 95, 99, 62, 66, 78, 82, 10, 23, 91, 103, 28, 33, 34, 27, 70, 
      58, 115, 111, 24, 9, 118, 52, 87, 17, 98, 39, 67, 6, 94, 40, 63, 5, 
      106, 51, 75, 18, 90, 30, 71, 2, 110, 41, 83, 21, 114, 42, 79, 22, 102, 
      29, 59, 1, 16, 73, 45, 108, 8, 65, 37, 100, 7, 61, 38, 96, 15, 85, 46, 
      120, 4, 69, 26, 92, 12, 77, 54, 116, 11, 81, 53, 112, 3, 57, 25, 104 ], 
  [ 89, 99, 57, 67, 106, 116, 74, 84, 93, 103, 25, 39, 110, 120, 47, 55, 26, 
      40, 61, 71, 48, 56, 78, 88, 11, 17, 76, 82, 43, 49, 108, 114, 91, 97, 
      59, 65, 44, 50, 12, 18, 95, 101, 29, 37, 80, 86, 15, 21, 30, 38, 63, 
      69, 112, 118, 16, 22, 3, 68, 35, 100, 19, 83, 51, 115, 36, 90, 4, 58, 
      52, 105, 20, 73, 72, 7, 94, 27, 87, 23, 109, 45, 104, 28, 62, 8, 119, 
      46, 77, 24, 1, 66, 33, 98, 9, 75, 41, 107, 34, 92, 2, 60, 42, 113, 10, 
      81, 70, 5, 96, 31, 79, 13, 117, 53, 102, 32, 64, 6, 111, 54, 85, 14 ], 
  [ 90, 100, 58, 68, 105, 115, 73, 83, 109, 119, 47, 56, 94, 104, 25, 40, 48, 
      55, 77, 87, 26, 39, 62, 72, 43, 50, 107, 113, 11, 18, 75, 81, 60, 66, 
      92, 98, 12, 17, 44, 49, 79, 85, 15, 22, 96, 102, 29, 38, 16, 21, 111, 
      117, 64, 70, 30, 37, 4, 67, 36, 99, 20, 84, 52, 116, 35, 89, 3, 57, 51, 
      106, 19, 74, 88, 24, 110, 45, 71, 8, 93, 27, 120, 46, 78, 23, 103, 28, 
      61, 7, 34, 97, 2, 65, 41, 108, 9, 76, 1, 59, 33, 91, 10, 82, 42, 114, 
      118, 54, 80, 13, 95, 31, 69, 6, 86, 14, 112, 53, 63, 5, 101, 32 ], 
  [ 91, 97, 59, 65, 108, 114, 76, 82, 101, 95, 39, 25, 118, 112, 56, 48, 40, 
      26, 69, 63, 55, 47, 86, 80, 12, 18, 74, 84, 44, 50, 106, 116, 89, 99, 
      57, 67, 43, 49, 11, 17, 103, 93, 37, 29, 88, 78, 22, 16, 38, 30, 71, 
      61, 120, 110, 21, 15, 35, 98, 3, 66, 52, 113, 20, 81, 4, 60, 36, 92, 
      19, 75, 51, 107, 96, 27, 70, 7, 111, 46, 85, 24, 64, 8, 102, 28, 79, 
      23, 117, 45, 33, 100, 1, 68, 42, 105, 10, 73, 2, 58, 34, 90, 9, 83, 41, 
      115, 94, 31, 72, 5, 119, 54, 77, 14, 62, 6, 104, 32, 87, 13, 109, 53 ], 
  [ 92, 98, 60, 66, 107, 113, 75, 81, 117, 111, 55, 48, 102, 96, 40, 25, 56, 
      47, 85, 79, 39, 26, 70, 64, 44, 49, 105, 115, 12, 17, 73, 83, 58, 68, 
      90, 100, 11, 18, 43, 50, 87, 77, 21, 16, 104, 94, 38, 29, 22, 15, 119, 
      109, 72, 62, 37, 30, 36, 97, 4, 65, 51, 114, 19, 82, 3, 59, 35, 91, 20, 
      76, 52, 108, 112, 46, 86, 23, 95, 27, 69, 8, 80, 24, 118, 45, 63, 7, 
      101, 28, 2, 67, 34, 99, 10, 74, 42, 106, 33, 89, 1, 57, 41, 116, 9, 84, 
      78, 14, 120, 53, 71, 6, 93, 31, 110, 54, 88, 13, 103, 32, 61, 5 ], 
  [ 93, 103, 61, 71, 110, 120, 78, 88, 89, 99, 26, 40, 106, 116, 48, 56, 25, 
      39, 57, 67, 47, 55, 74, 84, 17, 11, 86, 80, 50, 44, 118, 112, 101, 95, 
      69, 63, 49, 43, 18, 12, 97, 91, 38, 30, 82, 76, 21, 15, 37, 29, 65, 59, 
      114, 108, 22, 16, 19, 87, 52, 119, 3, 72, 36, 104, 51, 109, 20, 77, 35, 
      94, 4, 62, 83, 23, 105, 46, 68, 7, 90, 28, 115, 45, 73, 24, 100, 27, 
      58, 8, 9, 79, 42, 111, 1, 70, 34, 102, 41, 117, 10, 85, 33, 96, 2, 64, 
      75, 13, 113, 54, 66, 5, 92, 32, 107, 53, 81, 14, 98, 31, 60, 6 ], 
  [ 94, 104, 62, 72, 109, 119, 77, 87, 105, 115, 48, 55, 90, 100, 26, 39, 47, 
      56, 73, 83, 25, 40, 58, 68, 49, 44, 117, 111, 18, 11, 85, 79, 70, 64, 
      102, 96, 17, 12, 50, 43, 81, 75, 22, 15, 98, 92, 37, 30, 21, 16, 113, 
      107, 66, 60, 38, 29, 20, 88, 51, 120, 4, 71, 35, 103, 52, 110, 19, 78, 
      36, 93, 3, 61, 67, 8, 89, 28, 84, 24, 106, 46, 99, 27, 57, 7, 116, 45, 
      74, 23, 42, 112, 9, 80, 33, 101, 2, 69, 10, 86, 41, 118, 1, 63, 34, 95, 
      91, 32, 65, 6, 114, 53, 76, 13, 59, 5, 97, 31, 82, 14, 108, 54 ], 
  [ 95, 101, 63, 69, 112, 118, 80, 86, 97, 91, 40, 26, 114, 108, 55, 47, 39, 
      25, 65, 59, 56, 48, 82, 76, 18, 12, 88, 78, 49, 43, 120, 110, 103, 93, 
      71, 61, 50, 44, 17, 11, 89, 99, 30, 38, 74, 84, 16, 22, 29, 37, 57, 67, 
      106, 116, 15, 21, 51, 117, 20, 85, 36, 102, 3, 70, 19, 79, 52, 111, 4, 
      64, 35, 96, 107, 45, 81, 24, 92, 28, 66, 7, 75, 23, 113, 46, 60, 8, 98, 
      27, 41, 109, 10, 77, 34, 104, 1, 72, 9, 87, 42, 119, 2, 62, 33, 94, 
      115, 53, 73, 14, 90, 32, 68, 5, 83, 13, 105, 54, 58, 6, 100, 31 ], 
  [ 96, 102, 64, 70, 111, 117, 79, 85, 113, 107, 56, 47, 98, 92, 39, 26, 55, 
      48, 81, 75, 40, 25, 66, 60, 50, 43, 119, 109, 17, 12, 87, 77, 72, 62, 
      104, 94, 18, 11, 49, 44, 73, 83, 16, 21, 90, 100, 30, 37, 15, 22, 105, 
      115, 58, 68, 29, 38, 52, 118, 19, 86, 35, 101, 4, 69, 20, 80, 51, 112, 
      3, 63, 36, 95, 91, 28, 65, 8, 108, 45, 82, 23, 59, 7, 97, 27, 76, 24, 
      114, 46, 10, 78, 41, 110, 2, 71, 33, 103, 42, 120, 9, 88, 34, 93, 1, 
      61, 67, 6, 89, 32, 74, 14, 116, 54, 99, 31, 57, 5, 106, 53, 84, 13 ], 
  [ 97, 91, 67, 57, 118, 112, 88, 78, 95, 101, 29, 37, 108, 114, 43, 49, 38, 
      30, 71, 61, 50, 44, 84, 74, 15, 21, 80, 86, 47, 55, 110, 120, 99, 89, 
      65, 59, 56, 48, 22, 16, 93, 103, 25, 39, 76, 82, 11, 17, 40, 26, 69, 
      63, 116, 106, 18, 12, 68, 3, 98, 33, 87, 23, 117, 53, 92, 34, 58, 4, 
      111, 54, 77, 24, 7, 72, 31, 96, 19, 83, 41, 107, 32, 102, 8, 62, 42, 
      113, 20, 73, 66, 1, 100, 35, 79, 13, 109, 45, 90, 36, 60, 2, 119, 46, 
      85, 14, 5, 70, 27, 94, 9, 75, 51, 115, 28, 104, 6, 64, 52, 105, 10, 81 ]
    , [ 98, 92, 68, 58, 117, 111, 87, 77, 107, 113, 43, 50, 96, 102, 29, 38, 
      49, 44, 83, 73, 37, 30, 72, 62, 47, 56, 109, 119, 15, 22, 79, 85, 66, 
      60, 100, 90, 21, 16, 55, 48, 75, 81, 11, 18, 94, 104, 25, 40, 17, 12, 
      115, 105, 70, 64, 39, 26, 67, 4, 97, 34, 88, 24, 118, 54, 91, 33, 57, 
      3, 112, 53, 78, 23, 20, 84, 41, 108, 8, 71, 31, 95, 42, 114, 19, 74, 
      32, 101, 7, 61, 99, 36, 65, 2, 110, 45, 80, 13, 59, 1, 89, 35, 86, 14, 
      120, 46, 52, 116, 9, 76, 27, 93, 6, 69, 10, 82, 51, 106, 5, 63, 28, 103 
     ], [ 99, 89, 65, 59, 120, 110, 86, 80, 103, 93, 37, 29, 116, 106, 50, 
      44, 30, 38, 63, 69, 43, 49, 76, 82, 16, 22, 78, 88, 48, 56, 112, 118, 
      97, 91, 67, 57, 55, 47, 21, 15, 101, 95, 39, 25, 84, 74, 18, 12, 26, 
      40, 61, 71, 108, 114, 11, 17, 100, 33, 66, 3, 119, 54, 85, 24, 60, 4, 
      90, 34, 79, 23, 109, 53, 31, 94, 7, 70, 42, 105, 20, 81, 8, 64, 32, 
      104, 19, 75, 41, 115, 98, 35, 68, 1, 111, 46, 77, 14, 58, 2, 92, 36, 
      87, 13, 117, 45, 27, 96, 5, 72, 52, 113, 10, 73, 6, 62, 28, 102, 9, 83, 
      51, 107 ], 
  [ 100, 90, 66, 60, 119, 109, 85, 79, 115, 105, 49, 44, 104, 94, 38, 29, 43, 
      50, 75, 81, 30, 37, 64, 70, 48, 55, 111, 117, 16, 21, 77, 87, 68, 58, 
      98, 92, 22, 15, 56, 47, 83, 73, 17, 12, 102, 96, 40, 25, 11, 18, 107, 
      113, 62, 72, 26, 39, 99, 34, 65, 4, 120, 53, 86, 23, 59, 3, 89, 33, 80, 
      24, 110, 54, 42, 106, 19, 82, 31, 93, 8, 69, 20, 76, 41, 116, 7, 63, 
      32, 103, 67, 2, 97, 36, 78, 14, 112, 46, 91, 35, 57, 1, 118, 45, 88, 
      13, 10, 74, 51, 114, 6, 71, 27, 95, 52, 108, 9, 84, 28, 101, 5, 61 ], 
  [ 101, 95, 71, 61, 114, 108, 84, 74, 91, 97, 30, 38, 112, 118, 44, 50, 37, 
      29, 67, 57, 49, 43, 88, 78, 21, 15, 82, 76, 56, 48, 116, 106, 93, 103, 
      63, 69, 47, 55, 16, 22, 99, 89, 40, 26, 86, 80, 17, 11, 25, 39, 59, 65, 
      110, 120, 12, 18, 83, 23, 113, 54, 72, 3, 102, 34, 107, 53, 73, 24, 96, 
      33, 62, 4, 19, 87, 42, 111, 7, 68, 32, 92, 41, 117, 20, 77, 31, 98, 8, 
      58, 75, 13, 105, 46, 70, 1, 104, 36, 115, 45, 81, 14, 94, 35, 64, 2, 9, 
      79, 52, 119, 5, 66, 28, 90, 51, 109, 10, 85, 27, 100, 6, 60 ], 
  [ 102, 96, 72, 62, 113, 107, 83, 73, 111, 117, 44, 49, 92, 98, 30, 37, 50, 
      43, 87, 77, 38, 29, 68, 58, 55, 48, 115, 105, 22, 15, 81, 75, 64, 70, 
      94, 104, 16, 21, 47, 56, 85, 79, 18, 11, 100, 90, 39, 26, 12, 17, 109, 
      119, 60, 66, 25, 40, 84, 24, 114, 53, 71, 4, 101, 33, 108, 54, 74, 23, 
      95, 34, 61, 3, 8, 67, 32, 91, 20, 88, 42, 112, 31, 97, 7, 57, 41, 118, 
      19, 78, 106, 46, 76, 13, 103, 35, 69, 2, 82, 14, 116, 45, 63, 1, 93, 
      36, 28, 89, 6, 65, 51, 120, 9, 80, 5, 59, 27, 99, 10, 86, 52, 110 ], 
  [ 103, 93, 69, 63, 116, 106, 82, 76, 99, 89, 38, 30, 120, 110, 49, 43, 29, 
      37, 59, 65, 44, 50, 80, 86, 22, 16, 84, 74, 55, 47, 114, 108, 95, 101, 
      61, 71, 48, 56, 15, 21, 91, 97, 26, 40, 78, 88, 12, 18, 39, 25, 67, 57, 
      118, 112, 17, 11, 115, 53, 81, 24, 104, 34, 70, 3, 75, 23, 105, 54, 64, 
      4, 94, 33, 41, 109, 20, 85, 32, 90, 7, 66, 19, 79, 42, 119, 8, 60, 31, 
      100, 107, 45, 73, 14, 102, 36, 72, 1, 83, 13, 113, 46, 62, 2, 96, 35, 
      51, 117, 10, 77, 28, 92, 5, 68, 9, 87, 52, 111, 6, 58, 27, 98 ], 
  [ 104, 94, 70, 64, 115, 105, 81, 75, 119, 109, 50, 43, 100, 90, 37, 30, 44, 
      49, 79, 85, 29, 38, 60, 66, 56, 47, 113, 107, 21, 16, 83, 73, 62, 72, 
      96, 102, 15, 22, 48, 55, 77, 87, 12, 17, 92, 98, 26, 39, 18, 11, 117, 
      111, 68, 58, 40, 25, 116, 54, 82, 23, 103, 33, 69, 4, 76, 24, 106, 53, 
      63, 3, 93, 34, 32, 89, 8, 65, 41, 110, 19, 86, 7, 59, 31, 99, 20, 80, 
      42, 120, 74, 14, 108, 45, 71, 2, 101, 35, 114, 46, 84, 13, 95, 36, 61, 
      1, 6, 67, 28, 91, 10, 78, 52, 118, 27, 97, 5, 57, 51, 112, 9, 88 ], 
  [ 105, 119, 74, 88, 90, 104, 57, 71, 94, 100, 27, 35, 109, 115, 45, 51, 46, 
      52, 78, 84, 28, 36, 61, 67, 76, 86, 11, 21, 107, 117, 41, 53, 42, 54, 
      12, 22, 92, 102, 59, 69, 31, 33, 96, 98, 15, 17, 80, 82, 111, 113, 16, 
      18, 32, 34, 63, 65, 7, 72, 39, 103, 23, 87, 55, 120, 56, 106, 24, 73, 
      40, 89, 8, 58, 68, 3, 93, 25, 83, 19, 110, 47, 116, 48, 77, 20, 99, 26, 
      62, 4, 70, 5, 101, 37, 75, 9, 108, 43, 118, 44, 85, 10, 91, 38, 60, 6, 
      1, 66, 29, 95, 13, 79, 49, 114, 50, 112, 14, 81, 30, 97, 2, 64 ], 
  [ 106, 120, 73, 87, 89, 103, 58, 72, 110, 116, 45, 52, 93, 99, 27, 36, 28, 
      35, 62, 68, 46, 51, 77, 83, 108, 118, 41, 54, 75, 85, 11, 22, 12, 21, 
      42, 53, 60, 70, 91, 101, 15, 18, 79, 81, 31, 34, 95, 97, 64, 66, 32, 
      33, 16, 17, 112, 114, 8, 71, 40, 104, 24, 88, 56, 119, 55, 105, 23, 74, 
      39, 90, 7, 57, 84, 20, 109, 47, 67, 4, 94, 25, 100, 26, 61, 3, 115, 48, 
      78, 19, 102, 38, 69, 6, 107, 43, 76, 9, 86, 10, 117, 44, 59, 5, 92, 37, 
      50, 113, 13, 80, 29, 96, 2, 65, 1, 63, 30, 98, 14, 82, 49, 111 ], 
  [ 107, 117, 76, 86, 92, 102, 59, 69, 98, 96, 35, 27, 113, 111, 52, 46, 51, 
      45, 82, 80, 36, 28, 65, 63, 74, 88, 12, 22, 105, 119, 42, 54, 41, 53, 
      11, 21, 90, 104, 57, 71, 33, 31, 100, 94, 18, 16, 84, 78, 115, 109, 17, 
      15, 34, 32, 67, 61, 39, 101, 7, 70, 56, 118, 24, 85, 23, 75, 55, 108, 
      8, 60, 40, 91, 95, 25, 66, 3, 112, 48, 81, 20, 79, 19, 114, 47, 64, 4, 
      97, 26, 103, 37, 72, 5, 106, 44, 73, 10, 87, 9, 120, 43, 58, 6, 89, 38, 
      29, 93, 1, 68, 50, 116, 14, 77, 13, 83, 49, 110, 2, 62, 30, 99 ], 
  [ 108, 118, 75, 85, 91, 101, 60, 70, 114, 112, 51, 46, 97, 95, 36, 27, 35, 
      28, 66, 64, 52, 45, 81, 79, 106, 120, 42, 53, 73, 87, 12, 21, 11, 22, 
      41, 54, 58, 72, 89, 103, 17, 16, 83, 77, 34, 31, 99, 93, 68, 62, 33, 
      32, 18, 15, 116, 110, 40, 102, 8, 69, 55, 117, 23, 86, 24, 76, 56, 107, 
      7, 59, 39, 92, 111, 48, 82, 19, 96, 25, 65, 4, 63, 3, 98, 26, 80, 20, 
      113, 47, 71, 6, 104, 38, 74, 10, 105, 44, 119, 43, 88, 9, 90, 37, 57, 
      5, 14, 78, 49, 115, 2, 67, 29, 94, 30, 100, 1, 61, 50, 109, 13, 84 ], 
  [ 109, 115, 78, 84, 94, 100, 61, 67, 90, 104, 28, 36, 105, 119, 46, 52, 45, 
      51, 74, 88, 27, 35, 57, 71, 82, 80, 21, 11, 113, 111, 54, 42, 53, 41, 
      22, 12, 98, 96, 65, 63, 34, 32, 102, 92, 17, 15, 86, 76, 117, 107, 18, 
      16, 33, 31, 69, 59, 23, 83, 56, 116, 7, 68, 40, 99, 39, 93, 8, 62, 55, 
      110, 24, 77, 87, 19, 106, 48, 72, 3, 89, 26, 103, 25, 58, 4, 120, 47, 
      73, 20, 79, 9, 112, 44, 66, 5, 97, 38, 95, 37, 64, 6, 114, 43, 81, 10, 
      13, 75, 50, 118, 1, 70, 30, 91, 29, 101, 2, 60, 49, 108, 14, 85 ], 
  [ 110, 116, 77, 83, 93, 99, 62, 68, 106, 120, 46, 51, 89, 103, 28, 35, 27, 
      36, 58, 72, 45, 52, 73, 87, 114, 112, 53, 42, 81, 79, 22, 11, 21, 12, 
      54, 41, 66, 64, 97, 95, 18, 15, 85, 75, 33, 32, 101, 91, 70, 60, 34, 
      31, 17, 16, 118, 108, 24, 84, 55, 115, 8, 67, 39, 100, 40, 94, 7, 61, 
      56, 109, 23, 78, 71, 4, 90, 26, 88, 20, 105, 48, 119, 47, 74, 19, 104, 
      25, 57, 3, 111, 44, 80, 9, 98, 37, 65, 6, 63, 5, 96, 38, 82, 10, 113, 
      43, 30, 92, 2, 69, 49, 117, 13, 76, 14, 86, 50, 107, 1, 59, 29, 102 ], 
  [ 111, 113, 80, 82, 96, 98, 63, 65, 102, 92, 36, 28, 117, 107, 51, 45, 52, 
      46, 86, 76, 35, 27, 69, 59, 84, 78, 22, 12, 115, 109, 53, 41, 54, 42, 
      21, 11, 100, 94, 67, 61, 32, 34, 90, 104, 16, 18, 74, 88, 105, 119, 15, 
      17, 31, 33, 57, 71, 55, 114, 24, 81, 40, 97, 7, 66, 8, 64, 39, 95, 23, 
      79, 56, 112, 108, 47, 85, 20, 91, 26, 70, 3, 60, 4, 101, 25, 75, 19, 
      118, 48, 110, 43, 77, 10, 99, 38, 68, 5, 62, 6, 93, 37, 83, 9, 116, 44, 
      49, 120, 14, 73, 30, 89, 1, 72, 2, 58, 29, 103, 13, 87, 50, 106 ], 
  [ 112, 114, 79, 81, 95, 97, 64, 66, 118, 108, 52, 45, 101, 91, 35, 28, 36, 
      27, 70, 60, 51, 46, 85, 75, 116, 110, 54, 41, 83, 77, 21, 12, 22, 11, 
      53, 42, 68, 62, 99, 93, 16, 17, 73, 87, 32, 33, 89, 103, 58, 72, 31, 
      34, 15, 18, 106, 120, 56, 113, 23, 82, 39, 98, 8, 65, 7, 63, 40, 96, 
      24, 80, 55, 111, 92, 26, 69, 4, 107, 47, 86, 19, 76, 20, 117, 48, 59, 
      3, 102, 25, 78, 10, 109, 43, 67, 6, 100, 37, 94, 38, 61, 5, 115, 44, 
      84, 9, 2, 71, 30, 90, 14, 74, 50, 119, 49, 105, 13, 88, 29, 104, 1, 57 ]
    , [ 113, 111, 84, 78, 102, 92, 71, 57, 96, 98, 31, 33, 107, 117, 41, 53, 
      54, 42, 88, 74, 34, 32, 67, 61, 80, 82, 15, 17, 109, 115, 45, 51, 52, 
      46, 18, 16, 104, 90, 69, 59, 27, 35, 94, 100, 11, 21, 76, 86, 119, 105, 
      22, 12, 36, 28, 65, 63, 72, 7, 101, 37, 83, 19, 114, 49, 112, 50, 77, 
      20, 91, 38, 58, 8, 3, 68, 29, 95, 23, 87, 43, 108, 44, 118, 24, 73, 30, 
      97, 4, 62, 5, 70, 39, 103, 13, 79, 47, 110, 48, 116, 14, 81, 40, 89, 6, 
      60, 66, 1, 93, 25, 75, 9, 120, 55, 106, 56, 85, 10, 99, 26, 64, 2 ], 
  [ 114, 112, 83, 77, 101, 91, 72, 58, 108, 118, 41, 54, 95, 97, 31, 34, 33, 
      32, 68, 62, 53, 42, 87, 73, 110, 116, 45, 52, 79, 81, 15, 18, 17, 16, 
      51, 46, 70, 60, 103, 89, 11, 22, 75, 85, 27, 36, 93, 99, 66, 64, 35, 
      28, 21, 12, 120, 106, 71, 8, 102, 38, 84, 20, 113, 50, 111, 49, 78, 19, 
      92, 37, 57, 7, 24, 88, 43, 107, 4, 67, 29, 96, 30, 98, 3, 61, 44, 117, 
      23, 74, 40, 104, 6, 69, 47, 109, 13, 80, 14, 82, 48, 115, 5, 59, 39, 
      90, 119, 56, 76, 9, 94, 25, 65, 2, 63, 1, 100, 26, 86, 10, 105, 55 ], 
  [ 115, 109, 82, 80, 104, 90, 69, 59, 100, 94, 33, 31, 119, 105, 54, 42, 41, 
      53, 76, 86, 32, 34, 63, 65, 78, 84, 16, 18, 111, 113, 46, 52, 51, 45, 
      17, 15, 102, 92, 71, 57, 35, 27, 98, 96, 22, 12, 88, 74, 107, 117, 11, 
      21, 28, 36, 61, 67, 103, 37, 70, 7, 116, 50, 81, 20, 79, 19, 110, 49, 
      60, 8, 89, 38, 29, 93, 3, 66, 44, 106, 24, 85, 23, 75, 43, 120, 4, 64, 
      30, 99, 39, 101, 5, 72, 48, 112, 14, 77, 13, 83, 47, 114, 6, 58, 40, 
      91, 95, 25, 68, 1, 118, 56, 73, 10, 87, 9, 108, 55, 62, 2, 97, 26 ], 
  [ 116, 110, 81, 79, 103, 89, 70, 60, 120, 106, 53, 42, 99, 93, 34, 31, 32, 
      33, 64, 66, 41, 54, 75, 85, 112, 114, 46, 51, 77, 83, 16, 17, 18, 15, 
      52, 45, 72, 58, 101, 91, 21, 12, 87, 73, 36, 27, 97, 95, 62, 68, 28, 
      35, 11, 22, 108, 118, 104, 38, 69, 8, 115, 49, 82, 19, 80, 20, 109, 50, 
      59, 7, 90, 37, 44, 105, 23, 86, 29, 94, 4, 65, 3, 63, 30, 100, 24, 76, 
      43, 119, 6, 71, 40, 102, 14, 78, 48, 111, 47, 113, 13, 84, 39, 92, 5, 
      57, 74, 10, 117, 55, 67, 2, 96, 25, 98, 26, 61, 1, 107, 56, 88, 9 ], 
  [ 117, 107, 88, 74, 98, 96, 67, 61, 92, 102, 32, 34, 111, 113, 42, 54, 53, 
      41, 84, 78, 33, 31, 71, 57, 86, 76, 17, 15, 119, 105, 52, 46, 45, 51, 
      16, 18, 94, 100, 63, 65, 36, 28, 104, 90, 21, 11, 82, 80, 109, 115, 12, 
      22, 27, 35, 59, 69, 87, 19, 118, 50, 68, 7, 97, 38, 95, 37, 62, 8, 108, 
      49, 73, 20, 23, 83, 44, 112, 3, 72, 30, 91, 29, 101, 4, 58, 43, 114, 
      24, 77, 13, 75, 48, 106, 5, 66, 40, 99, 39, 93, 6, 64, 47, 120, 14, 85, 
      79, 9, 116, 56, 70, 1, 89, 26, 103, 25, 60, 2, 110, 55, 81, 10 ], 
  [ 118, 108, 87, 73, 97, 95, 68, 62, 112, 114, 42, 53, 91, 101, 32, 33, 34, 
      31, 72, 58, 54, 41, 83, 77, 120, 106, 51, 46, 85, 75, 18, 15, 16, 17, 
      45, 52, 64, 66, 93, 99, 22, 11, 81, 79, 35, 28, 103, 89, 60, 70, 27, 
      36, 12, 21, 110, 116, 88, 20, 117, 49, 67, 8, 98, 37, 96, 38, 61, 7, 
      107, 50, 74, 19, 4, 71, 30, 92, 24, 84, 44, 111, 43, 113, 23, 78, 29, 
      102, 3, 57, 48, 105, 13, 76, 39, 100, 6, 65, 5, 63, 40, 94, 14, 86, 47, 
      119, 90, 26, 69, 2, 115, 55, 80, 9, 82, 10, 109, 56, 59, 1, 104, 25 ], 
  [ 119, 105, 86, 76, 100, 94, 65, 63, 104, 90, 34, 32, 115, 109, 53, 41, 42, 
      54, 80, 82, 31, 33, 59, 69, 88, 74, 18, 16, 117, 107, 51, 45, 46, 52, 
      15, 17, 96, 98, 61, 67, 28, 36, 92, 102, 12, 22, 78, 84, 113, 111, 21, 
      11, 35, 27, 71, 57, 120, 49, 85, 20, 99, 38, 66, 7, 64, 8, 93, 37, 75, 
      19, 106, 50, 43, 110, 24, 81, 30, 89, 3, 70, 4, 60, 29, 103, 23, 79, 
      44, 116, 47, 108, 14, 73, 40, 97, 5, 68, 6, 62, 39, 95, 13, 87, 48, 
      118, 114, 55, 77, 10, 91, 26, 72, 1, 58, 2, 101, 25, 83, 9, 112, 56 ], 
  [ 120, 106, 85, 75, 99, 93, 66, 64, 116, 110, 54, 41, 103, 89, 33, 32, 31, 
      34, 60, 70, 42, 53, 79, 81, 118, 108, 52, 45, 87, 73, 17, 16, 15, 18, 
      46, 51, 62, 68, 95, 97, 12, 21, 77, 83, 28, 35, 91, 101, 72, 58, 36, 
      27, 22, 11, 114, 112, 119, 50, 86, 19, 100, 37, 65, 8, 63, 7, 94, 38, 
      76, 20, 105, 49, 30, 90, 4, 69, 43, 109, 23, 82, 24, 80, 44, 115, 3, 
      59, 29, 104, 14, 74, 47, 107, 6, 67, 39, 98, 40, 96, 5, 61, 48, 117, 
      13, 88, 71, 2, 92, 26, 78, 10, 113, 56, 111, 55, 84, 9, 102, 25, 57, 1 
     ] ]
]
# end of the loops
]
];
